symbol,exp,entry_time,exit_time,entry,exit,notional,pnl,r_mult,exit_side,bars_held
ETHUSDT,F_213_blind,2021-09-03T16:00:00+00:00,2021-09-03T20:00:00+00:00,3973.829271,3986.522278,1000,3.1941,,stop,1
ETHUSDT,F_213_blind,2021-09-04T08:00:00+00:00,2021-09-04T12:00:00+00:00,3921.841775,3940.254422,1000,4.6949,,stop,1
ETHUSDT,F_213_blind,2021-09-05T12:00:00+00:00,2021-09-05T16:00:00+00:00,3929.661928,3942.213858,1000,3.1941,,stop,1
ETHUSDT,F_213_blind,2021-09-05T20:00:00+00:00,2021-09-06T00:00:00+00:00,3933.647102,3971.646139,1000,9.66,,stop,1
ETHUSDT,F_213_blind,2021-09-06T16:00:00+00:00,2021-09-06T20:00:00+00:00,3930.082474,3946.703087,1000,4.2291,,stop,1
ETHUSDT,F_213_blind,2021-09-08T00:00:00+00:00,2021-09-08T04:00:00+00:00,3439.305292,3534.206239,1000,27.5931,,stop,1
ETHUSDT,F_213_blind,2021-09-08T12:00:00+00:00,2021-09-08T16:00:00+00:00,3410.688138,3446.031703,1000,10.3626,,stop,1
ETHUSDT,F_213_blind,2021-09-09T16:00:00+00:00,2021-09-09T20:00:00+00:00,3528.340888,3546.267851,1000,5.0808,,stop,1
ETHUSDT,F_213_blind,2021-09-10T20:00:00+00:00,2021-09-11T00:00:00+00:00,3315.554625,3326.145004,1000,3.1942,,stop,1
ETHUSDT,F_213_blind,2021-09-11T04:00:00+00:00,2021-09-11T08:00:00+00:00,3245.844119,3278.324455,1000,10.0067,,stop,1
ETHUSDT,F_213_blind,2021-09-11T20:00:00+00:00,2021-09-12T04:00:00+00:00,3302.637855,3318.680779,1000,4.8576,,stop,2
ETHUSDT,F_213_blind,2021-09-12T12:00:00+00:00,2021-09-12T16:00:00+00:00,3442.519465,3462.704305,1000,5.8634,,stop,1
ETHUSDT,F_213_blind,2021-09-13T12:00:00+00:00,2021-09-13T16:00:00+00:00,3255.466612,3381.108262,1000,38.5941,,stop,1
ETHUSDT,F_213_blind,2021-09-13T20:00:00+00:00,2021-09-14T00:00:00+00:00,3257.92981,3303.192149,1000,13.893,,stop,1
ETHUSDT,F_213_blind,2021-09-14T04:00:00+00:00,2021-09-14T08:00:00+00:00,3295.608729,3329.167513,1000,10.1829,,stop,1
ETHUSDT,F_213_blind,2021-09-14T16:00:00+00:00,2021-09-14T20:00:00+00:00,3392.955115,3403.792723,1000,3.1941,,stop,1
ETHUSDT,F_213_blind,2021-09-15T20:00:00+00:00,2021-09-16T00:00:00+00:00,3539.064811,3608.569825,1000,19.6394,,stop,1
ETHUSDT,F_213_blind,2021-09-18T04:00:00+00:00,2021-09-18T08:00:00+00:00,3455.846768,3516.603265,1000,17.5808,,stop,1
ETHUSDT,F_213_blind,2021-09-19T16:00:00+00:00,2021-09-19T20:00:00+00:00,3367.712342,3378.46932,1000,3.1941,,stop,1
ETHUSDT,F_213_blind,2021-09-20T04:00:00+00:00,2021-09-20T08:00:00+00:00,3191.1431,3208.385669,1000,5.4033,,stop,1
ETHUSDT,F_213_blind,2021-09-20T16:00:00+00:00,2021-09-20T20:00:00+00:00,3091.563815,3117.542639,1000,8.4031,,stop,1
ETHUSDT,F_213_blind,2021-09-21T04:00:00+00:00,2021-09-21T08:00:00+00:00,3002.688427,3067.996852,1000,21.75,,stop,1
ETHUSDT,F_213_blind,2021-09-21T12:00:00+00:00,2021-09-21T16:00:00+00:00,3066.38112,3076.175601,1000,3.1941,,stop,1
ETHUSDT,F_213_blind,2021-09-22T04:00:00+00:00,2021-09-22T08:00:00+00:00,2871.257789,2954.655252,1000,29.0456,,stop,1
ETHUSDT,F_213_blind,2021-09-22T20:00:00+00:00,2021-09-23T00:00:00+00:00,3027.660849,3072.35768,1000,14.7628,,stop,1
ETHUSDT,F_213_blind,2021-09-23T08:00:00+00:00,2021-09-23T20:00:00+00:00,3149.88954,3164.032404,1000,4.49,,stop,3
ETHUSDT,F_213_blind,2021-09-24T16:00:00+00:00,2021-09-24T20:00:00+00:00,2880.820204,2917.024404,1000,12.5673,,stop,1
ETHUSDT,F_213_blind,2021-09-25T12:00:00+00:00,2021-09-25T16:00:00+00:00,2916.897043,2935.289157,1000,6.3054,,stop,1
ETHUSDT,F_213_blind,2021-09-26T00:00:00+00:00,2021-09-26T12:00:00+00:00,2925.638392,3023.640151,1000,33.4976,,stop,3
ETHUSDT,F_213_blind,2021-09-26T16:00:00+00:00,2021-09-26T20:00:00+00:00,3057.329368,3067.094937,1000,3.1941,,stop,1
ETHUSDT,F_213_blind,2021-09-29T08:00:00+00:00,2021-09-29T12:00:00+00:00,2930.865178,2940.226801,1000,3.1942,,stop,1
ETHUSDT,F_213_blind,2021-09-30T04:00:00+00:00,2021-09-30T08:00:00+00:00,3031.385685,3041.068386,1000,3.1942,,stop,1
ETHUSDT,F_213_blind,2021-09-30T20:00:00+00:00,2021-10-01T00:00:00+00:00,2996.119899,3011.497038,1000,5.1324,,stop,1
ETHUSDT,F_213_blind,2021-10-01T12:00:00+00:00,2021-10-01T16:00:00+00:00,3239.686124,3271.51877,1000,9.8258,,stop,1
ETHUSDT,F_213_blind,2021-10-01T20:00:00+00:00,2021-10-02T00:00:00+00:00,3301.926932,3319.019658,1000,5.1766,,stop,1
ETHUSDT,F_213_blind,2021-10-02T20:00:00+00:00,2021-10-03T20:00:00+00:00,3471.867568,3482.957234,1000,3.1941,,stop,6
ETHUSDT,F_213_blind,2021-10-04T08:00:00+00:00,2021-10-04T16:00:00+00:00,3382.631712,3417.811062,1000,10.4,,stop,2
ETHUSDT,F_213_blind,2021-10-04T20:00:00+00:00,2021-10-05T12:00:00+00:00,3420.24054,3466.598444,1000,13.554,,stop,4
ETHUSDT,F_213_blind,2021-10-05T16:00:00+00:00,2021-10-05T20:00:00+00:00,3423.114271,3488.52233,1000,19.1078,,stop,1
ETHUSDT,F_213_blind,2021-10-06T00:00:00+00:00,2021-10-06T04:00:00+00:00,3520.050124,3531.293692,1000,3.1941,,stop,1
ETHUSDT,F_213_blind,2021-10-06T08:00:00+00:00,2021-10-06T16:00:00+00:00,3460.622969,3624.486346,1000,47.3508,,stop,2
ETHUSDT,F_213_blind,2021-10-06T20:00:00+00:00,2021-10-07T00:00:00+00:00,3592.253867,3603.728065,1000,3.1942,,stop,1
ETHUSDT,F_213_blind,2021-10-07T08:00:00+00:00,2021-10-07T16:00:00+00:00,3616.09482,3630.279913,1000,3.9228,,stop,2
ETHUSDT,F_213_blind,2021-10-08T08:00:00+00:00,2021-10-08T12:00:00+00:00,3607.133185,3687.244343,1000,22.2091,,stop,1
ETHUSDT,F_213_blind,2021-10-10T08:00:00+00:00,2021-10-10T12:00:00+00:00,3586.836834,3598.293729,1000,3.1942,,stop,1
ETHUSDT,F_213_blind,2021-10-11T04:00:00+00:00,2021-10-11T08:00:00+00:00,3522.723595,3577.475228,1000,15.5424,,stop,1
ETHUSDT,F_213_blind,2021-10-11T12:00:00+00:00,2021-10-11T16:00:00+00:00,3563.346336,3600.357099,1000,10.3865,,stop,1
ETHUSDT,F_213_blind,2021-10-12T00:00:00+00:00,2021-10-14T00:00:00+00:00,3546.724756,3605.416458,1000,16.5481,,stop,12
ETHUSDT,F_213_blind,2021-10-12T16:00:00+00:00,2021-10-12T20:00:00+00:00,3509.576526,3520.78664,1000,3.1942,,stop,1
ETHUSDT,F_213_blind,2021-10-13T00:00:00+00:00,2021-10-13T04:00:00+00:00,3495.968859,3524.955697,1000,8.2915,,stop,1
ETHUSDT,F_213_blind,2021-10-13T12:00:00+00:00,2021-10-13T16:00:00+00:00,3473.179271,3506.105346,1000,9.4801,,stop,1
ETHUSDT,F_213_blind,2021-10-13T20:00:00+00:00,2021-10-14T00:00:00+00:00,3525.817612,3605.416458,1000,22.576,,stop,1
ETHUSDT,F_213_blind,2021-10-14T12:00:00+00:00,2021-10-14T16:00:00+00:00,3740.596462,3810.984072,1000,18.8172,,stop,1
ETHUSDT,F_213_blind,2021-10-15T08:00:00+00:00,2021-10-15T16:00:00+00:00,3809.996565,3822.166266,1000,3.1942,,stop,2
ETHUSDT,F_213_blind,2021-10-16T12:00:00+00:00,2021-10-16T20:00:00+00:00,3961.893775,3802.135993,1000,-40.3236,,stop,2
ETHUSDT,F_213_blind,2021-10-17T08:00:00+00:00,2021-10-17T12:00:00+00:00,3882.510711,3897.107166,1000,3.7595,,stop,1
ETHUSDT,F_213_blind,2021-10-18T00:00:00+00:00,2021-10-18T04:00:00+00:00,3852.0011,3884.968455,1000,8.5585,,stop,1
ETHUSDT,F_213_blind,2021-10-18T16:00:00+00:00,2021-10-18T20:00:00+00:00,3765.8893,3777.918115,1000,3.1942,,stop,1
ETHUSDT,F_213_blind,2021-10-19T04:00:00+00:00,2021-10-19T08:00:00+00:00,3827.979913,3840.207055,1000,3.1941,,stop,1
ETHUSDT,F_213_blind,2021-10-20T04:00:00+00:00,2021-10-20T08:00:00+00:00,3849.237512,3861.532554,1000,3.1941,,stop,1
ETHUSDT,F_213_blind,2021-10-20T16:00:00+00:00,2021-10-20T20:00:00+00:00,4086.3053,4129.274587,1000,10.5154,,stop,1
ETHUSDT,F_213_blind,2021-10-21T04:00:00+00:00,2021-10-21T12:00:00+00:00,4191.261566,4365.81705,1000,41.6475,,stop,2
ETHUSDT,F_213_blind,2021-10-22T20:00:00+00:00,2021-10-23T04:00:00+00:00,3988.648511,4028.267044,1000,9.9328,,stop,2
ETHUSDT,F_213_blind,2021-10-23T08:00:00+00:00,2021-10-23T12:00:00+00:00,4018.056692,4033.087302,1000,3.7408,,stop,1
ETHUSDT,F_213_blind,2021-10-23T16:00:00+00:00,2021-10-23T20:00:00+00:00,4091.922593,4114.388333,1000,5.4903,,stop,1
ETHUSDT,F_213_blind,2021-10-24T20:00:00+00:00,2021-10-25T00:00:00+00:00,4048.275926,4091.374306,1000,10.6461,,stop,1
ETHUSDT,F_213_blind,2021-10-25T04:00:00+00:00,2021-10-25T08:00:00+00:00,4140.055084,4163.844716,1000,5.7462,,stop,1
ETHUSDT,F_213_blind,2021-10-25T16:00:00+00:00,2021-10-25T20:00:00+00:00,4215.583143,4229.048348,1000,3.1941,,stop,1
ETHUSDT,F_213_blind,2021-10-26T20:00:00+00:00,2021-10-27T00:00:00+00:00,4217.145171,4287.980769,1000,16.797,,stop,1
ETHUSDT,F_213_blind,2021-10-27T16:00:00+00:00,2021-10-27T20:00:00+00:00,3998.841745,4011.614645,1000,3.1942,,stop,1
ETHUSDT,F_213_blind,2021-10-28T04:00:00+00:00,2021-10-28T08:00:00+00:00,4000.844345,4027.376196,1000,6.6316,,stop,1
ETHUSDT,F_213_blind,2021-10-28T12:00:00+00:00,2021-10-28T16:00:00+00:00,4157.347535,4196.173873,1000,9.3392,,stop,1
ETHUSDT,F_213_blind,2021-10-28T20:00:00+00:00,2021-10-29T00:00:00+00:00,4264.576752,4280.837667,1000,3.813,,stop,1
ETHUSDT,F_213_blind,2021-10-29T16:00:00+00:00,2021-10-29T20:00:00+00:00,4446.543001,4460.745926,1000,3.1941,,stop,1
ETHUSDT,F_213_blind,2021-10-31T16:00:00+00:00,2021-10-31T20:00:00+00:00,4219.828655,4244.996242,1000,5.9641,,stop,1
ETHUSDT,F_213_blind,2021-11-01T08:00:00+00:00,2021-11-01T12:00:00+00:00,4308.533822,4345.190436,1000,8.5079,,stop,1
ETHUSDT,F_213_blind,2021-11-02T12:00:00+00:00,2021-11-02T16:00:00+00:00,4418.596718,4510.203351,1000,20.7321,,stop,1
ETHUSDT,F_213_blind,2021-11-03T04:00:00+00:00,2021-11-03T08:00:00+00:00,4594.715375,4609.391585,1000,3.1941,,stop,1
ETHUSDT,F_213_blind,2021-11-05T20:00:00+00:00,2021-11-06T08:00:00+00:00,4500.8435,4515.219869,1000,3.1941,,stop,3
ETHUSDT,F_213_blind,2021-11-06T16:00:00+00:00,2021-11-06T20:00:00+00:00,4404.288141,4485.116119,1000,18.3521,,stop,1
ETHUSDT,F_213_blind,2021-11-07T00:00:00+00:00,2021-11-07T04:00:00+00:00,4523.8734,4562.233912,1000,8.4796,,stop,1
ETHUSDT,F_213_blind,2021-11-07T12:00:00+00:00,2021-11-07T16:00:00+00:00,4598.920835,4613.610478,1000,3.1941,,stop,1
ETHUSDT,F_213_blind,2021-11-08T04:00:00+00:00,2021-11-08T08:00:00+00:00,4726.646663,4748.929076,1000,4.7142,,stop,1
ETHUSDT,F_213_blind,2021-11-08T20:00:00+00:00,2021-11-09T00:00:00+00:00,4758.1776,4812.846779,1000,11.4895,,stop,1
ETHUSDT,F_213_blind,2021-11-10T16:00:00+00:00,2021-11-10T16:00:00+00:00,4853.241022,4699.723429,1000,-31.632,,stop,0
ETHUSDT,F_213_blind,2021-11-11T04:00:00+00:00,2021-11-11T08:00:00+00:00,4642.717697,4687.7998,1000,9.7103,,stop,1
ETHUSDT,F_213_blind,2021-11-11T12:00:00+00:00,2021-11-11T16:00:00+00:00,4728.088535,4744.862529,1000,3.5477,,stop,1
ETHUSDT,F_213_blind,2021-11-12T04:00:00+00:00,2021-11-12T12:00:00+00:00,4780.566668,4565.849052,1000,-44.9147,,stop,2
ETHUSDT,F_213_blind,2021-11-12T20:00:00+00:00,2021-11-13T00:00:00+00:00,4660.260473,4677.575137,1000,3.7154,,stop,1
ETHUSDT,F_213_blind,2021-11-13T16:00:00+00:00,2021-11-13T20:00:00+00:00,4686.324312,4701.293135,1000,3.1941,,stop,1
ETHUSDT,F_213_blind,2021-11-14T12:00:00+00:00,2021-11-14T16:00:00+00:00,4618.436172,4633.18815,1000,3.1941,,stop,1
ETHUSDT,F_213_blind,2021-11-15T00:00:00+00:00,2021-11-15T04:00:00+00:00,4632.51445,4725.221089,1000,20.0122,,stop,1
ETHUSDT,F_213_blind,2021-11-15T12:00:00+00:00,2021-11-15T16:00:00+00:00,4729.1399,4756.274774,1000,5.7378,,stop,1
ETHUSDT,F_213_blind,2021-11-16T08:00:00+00:00,2021-11-16T08:00:00+00:00,4318.026146,4116.928601,1000,-46.5716,,stop,0
ETHUSDT,F_213_blind,2021-11-16T16:00:00+00:00,2021-11-16T20:00:00+00:00,4291.391566,4315.722258,1000,5.6697,,stop,1
ETHUSDT,F_213_blind,2021-11-17T08:00:00+00:00,2021-11-17T12:00:00+00:00,4189.058706,4248.7433,1000,14.2477,,stop,1
ETHUSDT,F_213_blind,2021-11-18T04:00:00+00:00,2021-11-18T08:00:00+00:00,4285.053337,4298.74044,1000,3.1941,,stop,1
ETHUSDT,F_213_blind,2021-11-19T04:00:00+00:00,2021-11-19T08:00:00+00:00,4015.843819,4078.211991,1000,15.5305,,stop,1
ETHUSDT,F_213_blind,2021-11-19T16:00:00+00:00,2021-11-19T20:00:00+00:00,4222.201736,4289.417746,1000,15.9197,,stop,1
ETHUSDT,F_213_blind,2021-11-20T12:00:00+00:00,2021-11-20T20:00:00+00:00,4323.443179,4389.766675,1000,15.3404,,stop,2
ETHUSDT,F_213_blind,2021-11-21T00:00:00+00:00,2021-11-21T20:00:00+00:00,4417.905821,4436.323273,1000,4.1688,,stop,5
ETHUSDT,F_213_blind,2021-11-22T16:00:00+00:00,2021-11-22T20:00:00+00:00,4242.097567,4022.594245,1000,-51.7441,,stop,1
ETHUSDT,F_213_blind,2021-11-23T00:00:00+00:00,2021-11-23T04:00:00+00:00,4091.592164,4184.059355,1000,22.5993,,stop,1
ETHUSDT,F_213_blind,2021-11-23T08:00:00+00:00,2021-11-23T12:00:00+00:00,4112.43923,4295.963977,1000,44.6267,,stop,1
ETHUSDT,F_213_blind,2021-11-23T20:00:00+00:00,2021-11-24T00:00:00+00:00,4361.512605,4375.44393,1000,3.1942,,stop,1
ETHUSDT,F_213_blind,2021-11-24T12:00:00+00:00,2021-11-24T16:00:00+00:00,4297.859964,4311.587973,1000,3.1942,,stop,1
ETHUSDT,F_213_blind,2021-11-25T04:00:00+00:00,2021-11-25T12:00:00+00:00,4322.822373,4382.76141,1000,13.8657,,stop,2
ETHUSDT,F_213_blind,2021-11-25T16:00:00+00:00,2021-11-25T20:00:00+00:00,4481.468345,4520.491711,1000,8.7077,,stop,1
ETHUSDT,F_213_blind,2021-11-26T16:00:00+00:00,2021-11-26T20:00:00+00:00,4069.233135,4105.893766,1000,9.0092,,stop,1
ETHUSDT,F_213_blind,2021-11-27T00:00:00+00:00,2021-11-27T04:00:00+00:00,4046.45356,4140.291415,1000,23.1901,,stop,1
ETHUSDT,F_213_blind,2021-11-27T08:00:00+00:00,2021-11-27T12:00:00+00:00,4129.170953,4174.878665,1000,11.0695,,stop,1
ETHUSDT,F_213_blind,2021-11-27T20:00:00+00:00,2021-11-29T00:00:00+00:00,4120.599825,4289.487599,1000,40.9862,,stop,7
ETHUSDT,F_213_blind,2021-11-29T04:00:00+00:00,2021-11-29T08:00:00+00:00,4312.358788,4357.115353,1000,10.3787,,stop,1
ETHUSDT,F_213_blind,2021-11-30T12:00:00+00:00,2021-11-30T16:00:00+00:00,4596.437611,4743.023643,1000,31.8912,,stop,1
ETHUSDT,F_213_blind,2021-12-01T04:00:00+00:00,2021-12-01T08:00:00+00:00,4765.557181,4780.779085,1000,3.1942,,stop,1
ETHUSDT,F_213_blind,2021-12-03T08:00:00+00:00,2021-12-03T12:00:00+00:00,4574.499128,4602.443695,1000,6.1088,,stop,1
ETHUSDT,F_213_blind,2021-12-04T08:00:00+00:00,2021-12-04T12:00:00+00:00,3898.571563,3973.771668,1000,19.2891,,stop,1
ETHUSDT,F_213_blind,2021-12-04T16:00:00+00:00,2021-12-04T20:00:00+00:00,4041.797515,4126.879625,1000,21.0506,,stop,1
ETHUSDT,F_213_blind,2021-12-05T08:00:00+00:00,2021-12-05T12:00:00+00:00,4204.979376,4218.410711,1000,3.1942,,stop,1
ETHUSDT,F_213_blind,2021-12-06T00:00:00+00:00,2021-12-06T20:00:00+00:00,4201.895372,4215.316856,1000,3.1941,,stop,5
ETHUSDT,F_213_blind,2021-12-07T00:00:00+00:00,2021-12-07T04:00:00+00:00,4353.221841,4372.444603,1000,4.4158,,stop,1
ETHUSDT,F_213_blind,2021-12-07T08:00:00+00:00,2021-12-07T12:00:00+00:00,4358.568783,4415.712102,1000,13.1106,,stop,1
ETHUSDT,F_213_blind,2021-12-08T08:00:00+00:00,2021-12-08T12:00:00+00:00,4372.997516,4386.965526,1000,3.1941,,stop,1
ETHUSDT,F_213_blind,2021-12-08T16:00:00+00:00,2021-12-08T20:00:00+00:00,4408.944186,4423.027015,1000,3.1942,,stop,1
ETHUSDT,F_213_blind,2021-12-10T04:00:00+00:00,2021-12-10T08:00:00+00:00,4146.163014,4159.406481,1000,3.1941,,stop,1
ETHUSDT,F_213_blind,2021-12-10T12:00:00+00:00,2021-12-10T16:00:00+00:00,4162.073671,4222.199132,1000,14.446,,stop,1
ETHUSDT,F_213_blind,2021-12-11T04:00:00+00:00,2021-12-11T08:00:00+00:00,4013.741089,4063.023937,1000,12.2785,,stop,1
ETHUSDT,F_213_blind,2021-12-12T04:00:00+00:00,2021-12-12T08:00:00+00:00,4048.015588,4060.945557,1000,3.1941,,stop,1
ETHUSDT,F_213_blind,2021-12-13T00:00:00+00:00,2021-12-13T12:00:00+00:00,4135.369,3916.55799,1000,-52.9121,,stop,3
ETHUSDT,F_213_blind,2021-12-14T00:00:00+00:00,2021-12-14T04:00:00+00:00,3786.836496,3824.954686,1000,10.066,,stop,1
ETHUSDT,F_213_blind,2021-12-14T08:00:00+00:00,2021-12-14T12:00:00+00:00,3788.198264,3836.630128,1000,12.7849,,stop,1
ETHUSDT,F_213_blind,2021-12-15T04:00:00+00:00,2021-12-15T08:00:00+00:00,3852.451685,3887.74262,1000,9.1606,,stop,1
ETHUSDT,F_213_blind,2021-12-15T20:00:00+00:00,2021-12-16T00:00:00+00:00,3974.530181,4083.630594,1000,27.4499,,stop,1
ETHUSDT,F_213_blind,2021-12-17T16:00:00+00:00,2021-12-17T20:00:00+00:00,3839.534915,3936.719603,1000,25.3116,,stop,1
ETHUSDT,F_213_blind,2021-12-18T12:00:00+00:00,2021-12-18T16:00:00+00:00,3963.74618,3976.40698,1000,3.1941,,stop,1
ETHUSDT,F_213_blind,2021-12-20T16:00:00+00:00,2021-12-20T20:00:00+00:00,3805.711001,3875.478416,1000,18.3323,,stop,1
ETHUSDT,F_213_blind,2021-12-21T00:00:00+00:00,2021-12-21T04:00:00+00:00,3949.848136,4015.663554,1000,16.6628,,stop,1
ETHUSDT,F_213_blind,2021-12-21T12:00:00+00:00,2021-12-21T16:00:00+00:00,4030.552916,4049.602664,1000,4.7263,,stop,1
ETHUSDT,F_213_blind,2021-12-21T20:00:00+00:00,2021-12-22T00:00:00+00:00,4013.080231,4029.43937,1000,4.0765,,stop,1
ETHUSDT,F_213_blind,2021-12-23T20:00:00+00:00,2021-12-28T00:00:00+00:00,4139.013732,3982.037488,1000,-37.926,,stop,25
ETHUSDT,F_213_blind,2021-12-27T12:00:00+00:00,2021-12-27T16:00:00+00:00,4065.508299,4106.36278,1000,10.049,,stop,1
ETHUSDT,F_213_blind,2021-12-27T20:00:00+00:00,2021-12-28T00:00:00+00:00,4083.081114,3972.383151,1000,-27.1114,,stop,1
ETHUSDT,F_213_blind,2021-12-28T12:00:00+00:00,2021-12-28T16:00:00+00:00,3925.987157,3811.979419,1000,-29.0393,,stop,1
ETHUSDT,F_213_blind,2021-12-29T04:00:00+00:00,2021-12-29T20:00:00+00:00,3821.110995,3685.159766,1000,-35.579,,stop,4
ETHUSDT,F_213_blind,2021-12-30T04:00:00+00:00,2021-12-30T08:00:00+00:00,3654.14422,3711.902477,1000,15.8062,,stop,1
ETHUSDT,F_213_blind,2021-12-30T12:00:00+00:00,2021-12-30T20:00:00+00:00,3742.538984,3756.67177,1000,3.7763,,stop,2
ETHUSDT,F_213_blind,2021-12-31T04:00:00+00:00,2021-12-31T08:00:00+00:00,3747.635601,3759.606111,1000,3.1942,,stop,1
ETHUSDT,F_213_blind,2021-12-31T16:00:00+00:00,2021-12-31T16:00:00+00:00,3789.560032,3625.818903,1000,-43.2085,,stop,0
ETHUSDT,F_213_blind,2022-01-01T00:00:00+00:00,2022-01-01T04:00:00+00:00,3680.999086,3740.582153,1000,16.1867,,stop,1
ETHUSDT,F_213_blind,2022-01-02T20:00:00+00:00,2022-01-03T00:00:00+00:00,3803.9387,3827.357918,1000,6.1566,,stop,1
ETHUSDT,F_213_blind,2022-01-04T12:00:00+00:00,2022-01-04T16:00:00+00:00,3841.177047,3892.542524,1000,13.3723,,stop,1
ETHUSDT,F_213_blind,2022-01-06T08:00:00+00:00,2022-01-07T00:00:00+00:00,3457.528952,3274.059991,1000,-53.0636,,stop,4
ETHUSDT,F_213_blind,2022-01-06T16:00:00+00:00,2022-01-06T20:00:00+00:00,3401.426113,3454.064807,1000,15.4755,,stop,1
ETHUSDT,F_213_blind,2022-01-07T12:00:00+00:00,2022-01-07T16:00:00+00:00,3230.053618,3261.928941,1000,9.8684,,stop,1
ETHUSDT,F_213_blind,2022-01-07T20:00:00+00:00,2022-01-08T00:00:00+00:00,3201.486529,3214.605094,1000,4.0976,,stop,1
ETHUSDT,F_213_blind,2022-01-09T00:00:00+00:00,2022-01-09T04:00:00+00:00,3084.985274,3139.646147,1000,17.7184,,stop,1
ETHUSDT,F_213_blind,2022-01-09T08:00:00+00:00,2022-01-09T12:00:00+00:00,3131.575763,3141.578486,1000,3.1941,,stop,1
ETHUSDT,F_213_blind,2022-01-10T00:00:00+00:00,2022-01-10T04:00:00+00:00,3156.067561,3166.148514,1000,3.1941,,stop,1
ETHUSDT,F_213_blind,2022-01-10T20:00:00+00:00,2022-01-11T00:00:00+00:00,3033.688675,3089.651305,1000,18.4471,,stop,1
ETHUSDT,F_213_blind,2022-01-11T08:00:00+00:00,2022-01-11T12:00:00+00:00,3133.658467,3143.667842,1000,3.1942,,stop,1
ETHUSDT,F_213_blind,2022-01-11T20:00:00+00:00,2022-01-12T04:00:00+00:00,3241.378321,3251.73177,1000,3.1941,,stop,2
ETHUSDT,F_213_blind,2022-01-12T16:00:00+00:00,2022-01-12T20:00:00+00:00,3366.120275,3381.75212,1000,4.6439,,stop,1
ETHUSDT,F_213_blind,2022-01-14T20:00:00+00:00,2022-01-15T00:00:00+00:00,3312.310413,3331.767484,1000,5.8742,,stop,1
ETHUSDT,F_213_blind,2022-01-15T08:00:00+00:00,2022-01-15T12:00:00+00:00,3317.837589,3328.43526,1000,3.1941,,stop,1
ETHUSDT,F_213_blind,2022-01-15T20:00:00+00:00,2022-01-16T00:00:00+00:00,3353.704155,3364.416389,1000,3.1941,,stop,1
ETHUSDT,F_213_blind,2022-01-16T16:00:00+00:00,2022-01-16T20:00:00+00:00,3357.849537,3386.476969,1000,8.5255,,stop,1
ETHUSDT,F_213_blind,2022-01-17T00:00:00+00:00,2022-01-17T04:00:00+00:00,3351.240957,3240.02059,1000,-33.1878,,stop,1
ETHUSDT,F_213_blind,2022-01-17T08:00:00+00:00,2022-01-17T20:00:00+00:00,3274.961923,3157.296381,1000,-35.9288,,stop,3
ETHUSDT,F_213_blind,2022-01-18T04:00:00+00:00,2022-01-18T08:00:00+00:00,3186.457016,3197.421941,1000,3.4411,,stop,1
ETHUSDT,F_213_blind,2022-01-18T20:00:00+00:00,2022-01-19T00:00:00+00:00,3131.745984,3186.298021,1000,17.419,,stop,1
ETHUSDT,F_213_blind,2022-01-19T12:00:00+00:00,2022-01-19T16:00:00+00:00,3121.202295,3155.213403,1000,10.8968,,stop,1
ETHUSDT,F_213_blind,2022-01-19T20:00:00+00:00,2022-01-20T08:00:00+00:00,3132.246634,3143.40066,1000,3.561,,stop,3
ETHUSDT,F_213_blind,2022-01-20T08:00:00+00:00,2022-01-20T12:00:00+00:00,3142.870427,3152.909227,1000,3.1941,,stop,1
ETHUSDT,F_213_blind,2022-01-20T16:00:00+00:00,2022-01-20T20:00:00+00:00,3265.649833,3113.825163,1000,-46.4914,,stop,1
ETHUSDT,F_213_blind,2022-01-21T08:00:00+00:00,2022-01-21T12:00:00+00:00,2886.407458,2895.627076,1000,3.1941,,stop,1
ETHUSDT,F_213_blind,2022-01-21T16:00:00+00:00,2022-01-21T20:00:00+00:00,2834.139598,2852.144226,1000,6.3528,,stop,1
ETHUSDT,F_213_blind,2022-01-22T00:00:00+00:00,2022-01-22T04:00:00+00:00,2570.807711,2620.488131,1000,19.3248,,stop,1
ETHUSDT,F_213_blind,2022-01-23T00:00:00+00:00,2022-01-23T04:00:00+00:00,2415.315834,2458.698435,1000,17.9615,,stop,1
ETHUSDT,F_213_blind,2022-01-23T12:00:00+00:00,2022-01-23T16:00:00+00:00,2501.507738,2509.966257,1000,3.3814,,stop,1
ETHUSDT,F_213_blind,2022-01-24T00:00:00+00:00,2022-01-24T08:00:00+00:00,2542.3007,2255.246492,1000,-112.9112,,stop,2
ETHUSDT,F_213_blind,2022-01-24T16:00:00+00:00,2022-01-24T20:00:00+00:00,2277.506915,2401.67837,1000,54.5208,,stop,1
ETHUSDT,F_213_blind,2022-01-25T00:00:00+00:00,2022-01-25T12:00:00+00:00,2442.731428,2450.533879,1000,3.1942,,stop,3
ETHUSDT,F_213_blind,2022-01-26T16:00:00+00:00,2022-01-26T20:00:00+00:00,2608.827072,2716.286631,1000,41.1908,,stop,1
ETHUSDT,F_213_blind,2022-01-27T16:00:00+00:00,2022-01-27T20:00:00+00:00,2482.82348,2490.753991,1000,3.1942,,stop,1
ETHUSDT,F_213_blind,2022-01-28T00:00:00+00:00,2022-01-28T04:00:00+00:00,2427.171226,2449.847053,1000,9.3425,,stop,1
ETHUSDT,F_213_blind,2022-01-28T20:00:00+00:00,2022-01-29T00:00:00+00:00,2464.940262,2553.608803,1000,35.9719,,stop,1
ETHUSDT,F_213_blind,2022-01-31T16:00:00+00:00,2022-01-31T20:00:00+00:00,2624.066858,2701.088598,1000,29.352,,stop,1
ETHUSDT,F_213_blind,2022-02-01T00:00:00+00:00,2022-02-01T04:00:00+00:00,2690.433022,2752.111278,1000,22.925,,stop,1
ETHUSDT,F_213_blind,2022-02-01T08:00:00+00:00,2022-02-01T12:00:00+00:00,2740.247697,2790.91965,1000,18.4917,,stop,1
ETHUSDT,F_213_blind,2022-02-01T16:00:00+00:00,2022-02-01T20:00:00+00:00,2771.738582,2807.095626,1000,12.7563,,stop,1
ETHUSDT,F_213_blind,2022-02-03T16:00:00+00:00,2022-02-03T20:00:00+00:00,2643.432,2651.875518,1000,3.1941,,stop,1
ETHUSDT,F_213_blind,2022-02-04T00:00:00+00:00,2022-02-04T08:00:00+00:00,2698.713773,2802.644987,1000,38.5114,,stop,2
ETHUSDT,F_213_blind,2022-02-04T08:00:00+00:00,2022-02-04T12:00:00+00:00,2808.165876,2863.975985,1000,19.8742,,stop,1
ETHUSDT,F_213_blind,2022-02-04T16:00:00+00:00,2022-02-04T20:00:00+00:00,2875.523327,2962.628482,1000,30.2919,,stop,1
ETHUSDT,F_213_blind,2022-02-05T00:00:00+00:00,2022-02-05T04:00:00+00:00,2998.883487,3008.462371,1000,3.1941,,stop,1
ETHUSDT,F_213_blind,2022-02-07T20:00:00+00:00,2022-02-08T00:00:00+00:00,3170.766645,3180.894549,1000,3.1941,,stop,1
ETHUSDT,F_213_blind,2022-02-08T08:00:00+00:00,2022-02-08T12:00:00+00:00,3178.236343,3055.728725,1000,-38.5458,,stop,1
ETHUSDT,F_213_blind,2022-02-09T16:00:00+00:00,2022-02-09T20:00:00+00:00,3182.571972,3251.161588,1000,21.5516,,stop,1
ETHUSDT,F_213_blind,2022-02-10T00:00:00+00:00,2022-02-10T12:00:00+00:00,3247.81668,3276.767729,1000,8.914,,stop,3
ETHUSDT,F_213_blind,2022-02-10T16:00:00+00:00,2022-02-10T20:00:00+00:00,3214.07287,3241.082788,1000,8.4036,,stop,1
ETHUSDT,F_213_blind,2022-02-11T04:00:00+00:00,2022-02-11T08:00:00+00:00,3084.975261,3095.150287,1000,3.2983,,stop,1
ETHUSDT,F_213_blind,2022-02-12T04:00:00+00:00,2022-02-12T08:00:00+00:00,2938.01446,2947.398919,1000,3.1941,,stop,1
ETHUSDT,F_213_blind,2022-02-12T12:00:00+00:00,2022-02-12T20:00:00+00:00,2934.890404,2972.068625,1000,12.6677,,stop,2
ETHUSDT,F_213_blind,2022-02-14T08:00:00+00:00,2022-02-14T16:00:00+00:00,2886.807978,2958.646856,1000,24.8852,,stop,2
ETHUSDT,F_213_blind,2022-02-15T04:00:00+00:00,2022-02-15T08:00:00+00:00,3029.052656,3055.333488,1000,8.6763,,stop,1
ETHUSDT,F_213_blind,2022-02-15T12:00:00+00:00,2022-02-15T16:00:00+00:00,3098.843266,3142.390375,1000,14.0527,,stop,1
ETHUSDT,F_213_blind,2022-02-16T12:00:00+00:00,2022-02-16T20:00:00+00:00,3139.716332,3180.081097,1000,12.8562,,stop,2
ETHUSDT,F_213_blind,2022-02-18T04:00:00+00:00,2022-02-18T12:00:00+00:00,2911.089503,2937.790725,1000,9.1722,,stop,2
ETHUSDT,F_213_blind,2022-02-19T04:00:00+00:00,2022-02-19T08:00:00+00:00,2809.026994,2817.999448,1000,3.1942,,stop,1
ETHUSDT,F_213_blind,2022-02-19T16:00:00+00:00,2022-02-19T20:00:00+00:00,2749.629878,2790.131308,1000,14.7298,,stop,1
ETHUSDT,F_213_blind,2022-02-20T00:00:00+00:00,2022-02-20T04:00:00+00:00,2767.222719,2625.41809,1000,-51.2444,,stop,1
ETHUSDT,F_213_blind,2022-02-20T16:00:00+00:00,2022-02-20T20:00:00+00:00,2655.818081,2666.358861,1000,3.9689,,stop,1
ETHUSDT,F_213_blind,2022-02-21T08:00:00+00:00,2022-02-21T08:00:00+00:00,2751.021685,2610.206856,1000,-51.1864,,stop,0
ETHUSDT,F_213_blind,2022-02-21T16:00:00+00:00,2022-02-21T20:00:00+00:00,2726.950433,2735.948637,1000,3.2997,,stop,1
ETHUSDT,F_213_blind,2022-02-22T12:00:00+00:00,2022-02-22T16:00:00+00:00,2592.706142,2660.144718,1000,26.0109,,stop,1
ETHUSDT,F_213_blind,2022-02-22T20:00:00+00:00,2022-02-23T00:00:00+00:00,2636.162562,2646.644084,1000,3.9761,,stop,1
ETHUSDT,F_213_blind,2022-02-23T12:00:00+00:00,2022-02-23T16:00:00+00:00,2723.145493,2747.770409,1000,9.0428,,stop,1
ETHUSDT,F_213_blind,2022-02-24T12:00:00+00:00,2022-02-24T16:00:00+00:00,2397.632876,2471.66117,1000,30.8756,,stop,1
ETHUSDT,F_213_blind,2022-02-24T20:00:00+00:00,2022-02-25T00:00:00+00:00,2599.695216,2734.24885,1000,51.7575,,stop,1
ETHUSDT,F_213_blind,2022-02-25T04:00:00+00:00,2022-02-25T16:00:00+00:00,2640.347996,2737.242553,1000,36.6976,,stop,3
ETHUSDT,F_213_blind,2022-02-25T20:00:00+00:00,2022-02-26T00:00:00+00:00,2682.292453,2829.019511,1000,54.7021,,stop,1
ETHUSDT,F_213_blind,2022-02-26T04:00:00+00:00,2022-02-26T08:00:00+00:00,2797.221667,2812.555199,1000,5.4817,,stop,1
ETHUSDT,F_213_blind,2022-02-26T20:00:00+00:00,2022-02-27T00:00:00+00:00,2812.671726,2849.017448,1000,12.9221,,stop,1
ETHUSDT,F_213_blind,2022-02-27T12:00:00+00:00,2022-02-27T16:00:00+00:00,2824.637261,2833.659576,1000,3.1941,,stop,1
ETHUSDT,F_213_blind,2022-02-28T00:00:00+00:00,2022-02-28T04:00:00+00:00,2620.191827,2674.374787,1000,20.679,,stop,1
ETHUSDT,F_213_blind,2022-02-28T08:00:00+00:00,2022-02-28T12:00:00+00:00,2638.745916,2649.235511,1000,3.9752,,stop,1
ETHUSDT,F_213_blind,2022-02-28T16:00:00+00:00,2022-02-28T20:00:00+00:00,2819.100072,2828.1047,1000,3.1941,,stop,1
ETHUSDT,F_213_blind,2022-03-01T04:00:00+00:00,2022-03-01T08:00:00+00:00,2915.615379,2924.928292,1000,3.1942,,stop,1
ETHUSDT,F_213_blind,2022-03-01T12:00:00+00:00,2022-03-01T16:00:00+00:00,2906.854004,3031.563485,1000,42.9019,,stop,1
ETHUSDT,F_213_blind,2022-03-03T00:00:00+00:00,2022-03-03T04:00:00+00:00,2951.141503,2961.173524,1000,3.3994,,stop,1
ETHUSDT,F_213_blind,2022-03-03T12:00:00+00:00,2022-03-03T16:00:00+00:00,2916.216159,2925.530991,1000,3.1942,,stop,1
ETHUSDT,F_213_blind,2022-03-04T00:00:00+00:00,2022-03-04T12:00:00+00:00,2837.6842,2682.857659,1000,-54.5609,,stop,3
ETHUSDT,F_213_blind,2022-03-05T00:00:00+00:00,2022-03-05T08:00:00+00:00,2625.518743,2634.783323,1000,3.5287,,stop,2
ETHUSDT,F_213_blind,2022-03-05T12:00:00+00:00,2022-03-05T16:00:00+00:00,2651.622634,2663.418589,1000,4.4486,,stop,1
ETHUSDT,F_213_blind,2022-03-05T20:00:00+00:00,2022-03-06T00:00:00+00:00,2674.191936,2682.733706,1000,3.1942,,stop,1
ETHUSDT,F_213_blind,2022-03-06T08:00:00+00:00,2022-03-06T20:00:00+00:00,2648.368409,2534.447909,1000,-43.0154,,stop,3
ETHUSDT,F_213_blind,2022-03-07T12:00:00+00:00,2022-03-07T16:00:00+00:00,2541.549725,2643.439855,1000,40.0898,,stop,1
ETHUSDT,F_213_blind,2022-03-08T00:00:00+00:00,2022-03-08T04:00:00+00:00,2494.358456,2566.890866,1000,29.0786,,stop,1
ETHUSDT,F_213_blind,2022-03-08T08:00:00+00:00,2022-03-08T12:00:00+00:00,2539.156618,2603.563729,1000,25.3656,,stop,1
ETHUSDT,F_213_blind,2022-03-08T20:00:00+00:00,2022-03-09T04:00:00+00:00,2583.55426,2711.915824,1000,49.6841,,stop,2
ETHUSDT,F_213_blind,2022-03-09T08:00:00+00:00,2022-03-09T12:00:00+00:00,2748.558487,2766.696912,1000,6.5993,,stop,1
ETHUSDT,F_213_blind,2022-03-10T00:00:00+00:00,2022-03-10T12:00:00+00:00,2730.525074,2558.808579,1000,-62.8877,,stop,3
ETHUSDT,F_213_blind,2022-03-12T08:00:00+00:00,2022-03-12T20:00:00+00:00,2592.616025,2608.161397,1000,5.996,,stop,3
ETHUSDT,F_213_blind,2022-03-13T08:00:00+00:00,2022-03-13T12:00:00+00:00,2584.275196,2592.529759,1000,3.1942,,stop,1
ETHUSDT,F_213_blind,2022-03-13T16:00:00+00:00,2022-03-14T08:00:00+00:00,2583.063623,2596.609614,1000,5.2442,,stop,4
ETHUSDT,F_213_blind,2022-03-14T08:00:00+00:00,2022-03-14T12:00:00+00:00,2589.942554,2600.995105,1000,4.2675,,stop,1
ETHUSDT,F_213_blind,2022-03-15T00:00:00+00:00,2022-03-15T04:00:00+00:00,2592.786246,2601.067994,1000,3.1942,,stop,1
ETHUSDT,F_213_blind,2022-03-15T12:00:00+00:00,2022-03-15T16:00:00+00:00,2538.09524,2587.21811,1000,19.3542,,stop,1
ETHUSDT,F_213_blind,2022-03-15T20:00:00+00:00,2022-03-16T04:00:00+00:00,2662.887259,2729.259344,1000,24.9249,,stop,2
ETHUSDT,F_213_blind,2022-03-16T08:00:00+00:00,2022-03-16T12:00:00+00:00,2649.930437,2697.985126,1000,18.1343,,stop,1
ETHUSDT,F_213_blind,2022-03-16T16:00:00+00:00,2022-03-16T20:00:00+00:00,2707.995824,2750.245203,1000,15.6017,,stop,1
ETHUSDT,F_213_blind,2022-03-17T00:00:00+00:00,2022-03-17T04:00:00+00:00,2777.40594,2786.277391,1000,3.1941,,stop,1
ETHUSDT,F_213_blind,2022-03-18T16:00:00+00:00,2022-03-18T20:00:00+00:00,2900.425658,2962.099594,1000,21.2638,,stop,1
ETHUSDT,F_213_blind,2022-03-20T00:00:00+00:00,2022-03-20T04:00:00+00:00,2954.686105,2964.123816,1000,3.1942,,stop,1
ETHUSDT,F_213_blind,2022-03-20T20:00:00+00:00,2022-03-21T00:00:00+00:00,2879.43841,2905.36892,1000,9.0054,,stop,1
ETHUSDT,F_213_blind,2022-03-21T16:00:00+00:00,2022-03-22T04:00:00+00:00,2958.8415,3023.640151,1000,21.9,,stop,3
ETHUSDT,F_213_blind,2022-03-22T08:00:00+00:00,2022-03-22T12:00:00+00:00,2996.8909,3020.915881,1000,8.0166,,stop,1
ETHUSDT,F_213_blind,2022-03-23T16:00:00+00:00,2022-03-23T20:00:00+00:00,3035.531067,3045.227009,1000,3.1941,,stop,1
ETHUSDT,F_213_blind,2022-03-24T00:00:00+00:00,2022-03-24T04:00:00+00:00,3039.936787,3074.602957,1000,11.4036,,stop,1
ETHUSDT,F_213_blind,2022-03-24T08:00:00+00:00,2022-03-24T12:00:00+00:00,3041.418711,3057.674269,1000,5.3447,,stop,1
ETHUSDT,F_213_blind,2022-03-24T16:00:00+00:00,2022-03-25T04:00:00+00:00,3118.729084,3133.423667,1000,4.7117,,stop,3
ETHUSDT,F_213_blind,2022-03-25T08:00:00+00:00,2022-03-25T12:00:00+00:00,3132.747284,3172.69663,1000,12.7522,,stop,1
ETHUSDT,F_213_blind,2022-03-26T08:00:00+00:00,2022-03-27T00:00:00+00:00,3138.534798,3148.559749,1000,3.1941,,stop,4
ETHUSDT,F_213_blind,2022-03-27T04:00:00+00:00,2022-03-27T08:00:00+00:00,3147.856901,3157.911628,1000,3.1941,,stop,1
ETHUSDT,F_213_blind,2022-03-27T20:00:00+00:00,2022-03-28T00:00:00+00:00,3179.938553,3292.444754,1000,35.38,,stop,1
ETHUSDT,F_213_blind,2022-03-28T04:00:00+00:00,2022-03-28T08:00:00+00:00,3316.245522,3328.378695,1000,3.6587,,stop,1
ETHUSDT,F_213_blind,2022-03-28T16:00:00+00:00,2022-03-28T20:00:00+00:00,3361.96488,3423.948153,1000,18.4366,,stop,1
ETHUSDT,F_213_blind,2022-04-01T08:00:00+00:00,2022-04-01T12:00:00+00:00,3283.673233,3294.161778,1000,3.1941,,stop,1
ETHUSDT,F_213_blind,2022-04-01T16:00:00+00:00,2022-04-01T20:00:00+00:00,3436.852107,3473.982912,1000,10.8037,,stop,1
ETHUSDT,F_213_blind,2022-04-02T00:00:00+00:00,2022-04-02T04:00:00+00:00,3459.69176,3517.730893,1000,16.7758,,stop,1
ETHUSDT,F_213_blind,2022-04-03T12:00:00+00:00,2022-04-03T16:00:00+00:00,3489.490448,3508.383185,1000,5.4142,,stop,1
ETHUSDT,F_213_blind,2022-04-04T20:00:00+00:00,2022-04-05T00:00:00+00:00,3496.379392,3539.554989,1000,12.3487,,stop,1
ETHUSDT,F_213_blind,2022-04-05T04:00:00+00:00,2022-04-05T16:00:00+00:00,3528.491083,3543.277743,1000,4.1906,,stop,3
ETHUSDT,F_213_blind,2022-04-05T20:00:00+00:00,2022-04-06T00:00:00+00:00,3469.474461,3346.920658,1000,-35.3234,,stop,1
ETHUSDT,F_213_blind,2022-04-06T08:00:00+00:00,2022-04-06T12:00:00+00:00,3350.009358,3360.70979,1000,3.1941,,stop,1
ETHUSDT,F_213_blind,2022-04-07T04:00:00+00:00,2022-04-07T08:00:00+00:00,3189.701228,3228.14999,1000,12.054,,stop,1
ETHUSDT,F_213_blind,2022-04-08T08:00:00+00:00,2022-04-08T12:00:00+00:00,3290.502099,3303.09235,1000,3.8262,,stop,1
ETHUSDT,F_213_blind,2022-04-08T16:00:00+00:00,2022-04-10T20:00:00+00:00,3285.505612,3296.314773,1000,3.29,,stop,13
ETHUSDT,F_213_blind,2022-04-10T16:00:00+00:00,2022-04-10T20:00:00+00:00,3260.272852,3300.278278,1000,12.2706,,stop,1
ETHUSDT,F_213_blind,2022-04-11T08:00:00+00:00,2022-04-11T08:00:00+00:00,3182.742193,3096.350269,1000,-27.1439,,stop,0
ETHUSDT,F_213_blind,2022-04-11T20:00:00+00:00,2022-04-12T00:00:00+00:00,3008.50598,3018.115599,1000,3.1941,,stop,1
ETHUSDT,F_213_blind,2022-04-12T04:00:00+00:00,2022-04-12T08:00:00+00:00,2986.917952,3021.364937,1000,11.5326,,stop,1
ETHUSDT,F_213_blind,2022-04-12T12:00:00+00:00,2022-04-12T16:00:00+00:00,3044.913248,3078.524708,1000,11.0386,,stop,1
ETHUSDT,F_213_blind,2022-04-13T04:00:00+00:00,2022-04-13T08:00:00+00:00,3053.06383,3062.815774,1000,3.1941,,stop,1
ETHUSDT,F_213_blind,2022-04-13T16:00:00+00:00,2022-04-13T20:00:00+00:00,3097.451459,3110.190529,1000,4.1128,,stop,1
ETHUSDT,F_213_blind,2022-04-17T12:00:00+00:00,2022-04-17T16:00:00+00:00,3052.012465,3076.528906,1000,8.0329,,stop,1
ETHUSDT,F_213_blind,2022-04-18T04:00:00+00:00,2022-04-18T04:00:00+00:00,2999.063721,2924.150235,1000,-24.979,,stop,0
ETHUSDT,F_213_blind,2022-04-18T12:00:00+00:00,2022-04-18T16:00:00+00:00,2915.645418,2946.592212,1000,10.614,,stop,1
ETHUSDT,F_213_blind,2022-04-18T20:00:00+00:00,2022-04-19T00:00:00+00:00,3009.627436,3063.157032,1000,17.7861,,stop,1
ETHUSDT,F_213_blind,2022-04-19T16:00:00+00:00,2022-04-19T20:00:00+00:00,3114.573689,3124.522105,1000,3.1942,,stop,1
ETHUSDT,F_213_blind,2022-04-20T00:00:00+00:00,2022-04-20T08:00:00+00:00,3105.772262,3115.692564,1000,3.1941,,stop,2
ETHUSDT,F_213_blind,2022-04-20T12:00:00+00:00,2022-04-20T16:00:00+00:00,3156.878614,3034.775413,1000,-38.6785,,stop,1
ETHUSDT,F_213_blind,2022-04-21T12:00:00+00:00,2022-04-21T16:00:00+00:00,3155.246495,3169.514268,1000,4.5219,,stop,1
ETHUSDT,F_213_blind,2022-04-22T04:00:00+00:00,2022-04-22T08:00:00+00:00,2999.304033,3027.951084,1000,9.5512,,stop,1
ETHUSDT,F_213_blind,2022-04-22T20:00:00+00:00,2022-04-23T00:00:00+00:00,2960.54371,2970.000131,1000,3.1941,,stop,1
ETHUSDT,F_213_blind,2022-04-23T08:00:00+00:00,2022-04-23T16:00:00+00:00,2963.64774,2973.114075,1000,3.1941,,stop,2
ETHUSDT,F_213_blind,2022-04-24T04:00:00+00:00,2022-04-25T00:00:00+00:00,2959.772709,2863.628004,1000,-32.4838,,stop,5
ETHUSDT,F_213_blind,2022-04-24T20:00:00+00:00,2022-04-25T00:00:00+00:00,2963.417441,2881.873272,1000,-27.5169,,stop,1
ETHUSDT,F_213_blind,2022-04-25T12:00:00+00:00,2022-04-25T16:00:00+00:00,2865.450249,2889.562167,1000,8.4147,,stop,1
ETHUSDT,F_213_blind,2022-04-25T20:00:00+00:00,2022-04-26T00:00:00+00:00,3016.326133,3025.960731,1000,3.1941,,stop,1
ETHUSDT,F_213_blind,2022-04-27T04:00:00+00:00,2022-04-27T08:00:00+00:00,2839.977177,2886.927709,1000,16.532,,stop,1
ETHUSDT,F_213_blind,2022-04-27T12:00:00+00:00,2022-04-27T16:00:00+00:00,2888.55024,2913.74131,1000,8.721,,stop,1
ETHUSDT,F_213_blind,2022-04-28T04:00:00+00:00,2022-04-28T08:00:00+00:00,2887.599005,2931.873172,1000,15.3325,,stop,1
ETHUSDT,F_213_blind,2022-04-30T00:00:00+00:00,2022-04-30T04:00:00+00:00,2820.792269,2829.802303,1000,3.1941,,stop,1
ETHUSDT,F_213_blind,2022-05-01T04:00:00+00:00,2022-05-01T08:00:00+00:00,2780.760295,2789.64246,1000,3.1942,,stop,1
ETHUSDT,F_213_blind,2022-05-02T00:00:00+00:00,2022-05-02T04:00:00+00:00,2828.482253,2840.283465,1000,4.1723,,stop,1
ETHUSDT,F_213_blind,2022-05-02T16:00:00+00:00,2022-05-02T20:00:00+00:00,2831.355984,2840.60241,1000,3.2657,,stop,1
ETHUSDT,F_213_blind,2022-05-04T00:00:00+00:00,2022-05-04T04:00:00+00:00,2785.31621,2801.312394,1000,5.743,,stop,1
ETHUSDT,F_213_blind,2022-05-04T08:00:00+00:00,2022-05-04T12:00:00+00:00,2833.098246,2882.686629,1000,17.5032,,stop,1
ETHUSDT,F_213_blind,2022-05-04T20:00:00+00:00,2022-05-05T12:00:00+00:00,2959.54241,2842.827638,1000,-39.4368,,stop,4
ETHUSDT,F_213_blind,2022-05-05T16:00:00+00:00,2022-05-05T20:00:00+00:00,2746.415705,2762.819739,1000,5.9729,,stop,1
ETHUSDT,F_213_blind,2022-05-06T00:00:00+00:00,2022-05-07T20:00:00+00:00,2751.532348,2620.213066,1000,-47.7259,,stop,11
ETHUSDT,F_213_blind,2022-05-06T16:00:00+00:00,2022-05-06T20:00:00+00:00,2691.644595,2704.592373,1000,4.8104,,stop,1
ETHUSDT,F_213_blind,2022-05-07T00:00:00+00:00,2022-05-07T16:00:00+00:00,2696.360718,2704.973299,1000,3.1942,,stop,4
ETHUSDT,F_213_blind,2022-05-07T16:00:00+00:00,2022-05-08T00:00:00+00:00,2696.170471,2573.517686,1000,-45.4915,,stop,2
ETHUSDT,F_213_blind,2022-05-08T08:00:00+00:00,2022-05-08T12:00:00+00:00,2559.92358,2568.582336,1000,3.3824,,stop,1
ETHUSDT,F_213_blind,2022-05-08T20:00:00+00:00,2022-05-09T00:00:00+00:00,2565.3306,2453.301442,1000,-43.6705,,stop,1
ETHUSDT,F_213_blind,2022-05-09T20:00:00+00:00,2022-05-10T00:00:00+00:00,2273.631884,2330.328446,1000,24.9366,,stop,1
ETHUSDT,F_213_blind,2022-05-10T04:00:00+00:00,2022-05-10T08:00:00+00:00,2303.771014,2434.868559,1000,56.9056,,stop,1
ETHUSDT,F_213_blind,2022-05-10T12:00:00+00:00,2022-05-10T16:00:00+00:00,2405.1226,2452.182142,1000,19.5664,,stop,1
ETHUSDT,F_213_blind,2022-05-10T20:00:00+00:00,2022-05-11T00:00:00+00:00,2357.610915,2365.141478,1000,3.1941,,stop,1
ETHUSDT,F_213_blind,2022-05-12T12:00:00+00:00,2022-05-12T16:00:00+00:00,1955.298588,2052.013846,1000,49.4632,,stop,1
ETHUSDT,F_213_blind,2022-05-13T00:00:00+00:00,2022-05-13T04:00:00+00:00,1962.768286,2110.5607,1000,75.2979,,stop,1
ETHUSDT,F_213_blind,2022-05-13T08:00:00+00:00,2022-05-13T12:00:00+00:00,2050.832621,2120.53971,1000,33.9897,,stop,1
ETHUSDT,F_213_blind,2022-05-16T00:00:00+00:00,2022-05-16T04:00:00+00:00,2148.078877,2012.911543,1000,-62.9248,,stop,1
ETHUSDT,F_213_blind,2022-05-17T08:00:00+00:00,2022-05-17T12:00:00+00:00,2073.331832,2095.582205,1000,10.7317,,stop,1
ETHUSDT,F_213_blind,2022-05-18T20:00:00+00:00,2022-05-19T16:00:00+00:00,1984.166067,2036.107303,1000,26.1779,,stop,5
ETHUSDT,F_213_blind,2022-05-19T08:00:00+00:00,2022-05-19T12:00:00+00:00,1954.607691,1962.547288,1000,4.062,,stop,1
ETHUSDT,F_213_blind,2022-05-19T16:00:00+00:00,2022-05-20T04:00:00+00:00,2026.450966,2048.630961,1000,10.9452,,stop,3
ETHUSDT,F_213_blind,2022-05-20T00:00:00+00:00,2022-05-20T04:00:00+00:00,2022.175415,2048.630961,1000,13.0827,,stop,1
ETHUSDT,F_213_blind,2022-05-20T20:00:00+00:00,2022-05-21T00:00:00+00:00,1970.818738,1977.113829,1000,3.1941,,stop,1
ETHUSDT,F_213_blind,2022-05-21T08:00:00+00:00,2022-05-21T12:00:00+00:00,1981.202219,1987.530476,1000,3.1942,,stop,1
ETHUSDT,F_213_blind,2022-05-22T16:00:00+00:00,2022-05-22T20:00:00+00:00,2007.185954,2016.130019,1000,4.456,,stop,1
ETHUSDT,F_213_blind,2022-05-24T12:00:00+00:00,2022-05-24T16:00:00+00:00,1968.926281,1975.215327,1000,3.1941,,stop,1
ETHUSDT,F_213_blind,2022-05-24T20:00:00+00:00,2022-05-25T00:00:00+00:00,1965.401705,1985.82307,1000,10.3904,,stop,1
ETHUSDT,F_213_blind,2022-05-25T16:00:00+00:00,2022-05-25T20:00:00+00:00,1967.093902,1976.301783,1000,4.681,,stop,1
ETHUSDT,F_213_blind,2022-05-26T04:00:00+00:00,2022-05-26T08:00:00+00:00,1951.003011,1869.623622,1000,-41.7116,,stop,1
ETHUSDT,F_213_blind,2022-05-26T12:00:00+00:00,2022-05-26T16:00:00+00:00,1818.921528,1872.461511,1000,29.435,,stop,1
ETHUSDT,F_213_blind,2022-05-27T12:00:00+00:00,2022-05-27T16:00:00+00:00,1773.562638,1818.435149,1000,25.3008,,stop,1
ETHUSDT,F_213_blind,2022-05-28T04:00:00+00:00,2022-05-28T08:00:00+00:00,1767.374604,1777.24034,1000,5.5821,,stop,1
ETHUSDT,F_213_blind,2022-05-28T16:00:00+00:00,2022-05-29T00:00:00+00:00,1797.453656,1803.194993,1000,3.1941,,stop,2
ETHUSDT,F_213_blind,2022-05-29T16:00:00+00:00,2022-05-29T20:00:00+00:00,1799.556386,1805.304439,1000,3.1942,,stop,1
ETHUSDT,F_213_blind,2022-05-30T04:00:00+00:00,2022-05-30T08:00:00+00:00,1882.514091,1913.654866,1000,16.5421,,stop,1
ETHUSDT,F_213_blind,2022-05-31T00:00:00+00:00,2022-05-31T04:00:00+00:00,2001.378414,2009.800958,1000,4.2084,,stop,1
ETHUSDT,F_213_blind,2022-06-01T00:00:00+00:00,2022-06-01T04:00:00+00:00,1944.42447,1952.091877,1000,3.9433,,stop,1
ETHUSDT,F_213_blind,2022-06-01T12:00:00+00:00,2022-06-01T16:00:00+00:00,1941.470635,1968.439633,1000,13.891,,stop,1
ETHUSDT,F_213_blind,2022-06-01T20:00:00+00:00,2022-06-02T00:00:00+00:00,1824.198379,1840.00977,1000,8.6676,,stop,1
ETHUSDT,F_213_blind,2022-06-02T04:00:00+00:00,2022-06-02T08:00:00+00:00,1816.898902,1833.493476,1000,9.1335,,stop,1
ETHUSDT,F_213_blind,2022-06-03T16:00:00+00:00,2022-06-04T00:00:00+00:00,1765.612316,1791.232367,1000,14.5106,,stop,2
ETHUSDT,F_213_blind,2022-06-05T00:00:00+00:00,2022-06-05T16:00:00+00:00,1806.925954,1812.697547,1000,3.1942,,stop,4
ETHUSDT,F_213_blind,2022-06-05T12:00:00+00:00,2022-06-05T16:00:00+00:00,1790.52466,1809.034921,1000,10.3379,,stop,1
ETHUSDT,F_213_blind,2022-06-06T04:00:00+00:00,2022-06-06T08:00:00+00:00,1880.74179,1890.425887,1000,5.1491,,stop,1
ETHUSDT,F_213_blind,2022-06-07T20:00:00+00:00,2022-06-08T00:00:00+00:00,1849.371061,1866.074945,1000,9.0322,,stop,1
ETHUSDT,F_213_blind,2022-06-08T16:00:00+00:00,2022-06-09T12:00:00+00:00,1817.639864,1826.955866,1000,5.1253,,stop,5
ETHUSDT,F_213_blind,2022-06-09T12:00:00+00:00,2022-06-09T20:00:00+00:00,1807.496695,1813.270111,1000,3.1942,,stop,2
ETHUSDT,F_213_blind,2022-06-10T04:00:00+00:00,2022-06-10T08:00:00+00:00,1794.750146,1800.482847,1000,3.1941,,stop,1
ETHUSDT,F_213_blind,2022-06-11T04:00:00+00:00,2022-06-11T08:00:00+00:00,1671.800519,1677.140501,1000,3.1941,,stop,1
ETHUSDT,F_213_blind,2022-06-11T12:00:00+00:00,2022-06-11T16:00:00+00:00,1578.018761,1586.172452,1000,5.167,,stop,1
ETHUSDT,F_213_blind,2022-06-11T20:00:00+00:00,2022-06-12T00:00:00+00:00,1548.490424,1553.436535,1000,3.1941,,stop,1
ETHUSDT,F_213_blind,2022-06-12T08:00:00+00:00,2022-06-12T12:00:00+00:00,1473.172638,1481.997096,1000,5.9901,,stop,1
ETHUSDT,F_213_blind,2022-06-12T16:00:00+00:00,2022-06-12T20:00:00+00:00,1527.893683,1532.774005,1000,3.1942,,stop,1
ETHUSDT,F_213_blind,2022-06-13T16:00:00+00:00,2022-06-13T20:00:00+00:00,1231.348675,1277.053877,1000,37.118,,stop,1
ETHUSDT,F_213_blind,2022-06-14T08:00:00+00:00,2022-06-14T16:00:00+00:00,1242.763495,1257.345331,1000,11.7334,,stop,2
ETHUSDT,F_213_blind,2022-06-15T00:00:00+00:00,2022-06-15T04:00:00+00:00,1210.47157,1229.084774,1000,15.3768,,stop,1
ETHUSDT,F_213_blind,2022-06-15T12:00:00+00:00,2022-06-15T16:00:00+00:00,1121.506065,1161.556811,1000,35.7116,,stop,1
ETHUSDT,F_213_blind,2022-06-15T20:00:00+00:00,2022-06-16T00:00:00+00:00,1172.542326,1247.3763,1000,63.822,,stop,1
ETHUSDT,F_213_blind,2022-06-16T16:00:00+00:00,2022-06-16T20:00:00+00:00,1115.858733,1131.70959,1000,14.2051,,stop,1
ETHUSDT,F_213_blind,2022-06-17T04:00:00+00:00,2022-06-17T08:00:00+00:00,1072.902963,1115.653363,1000,39.8455,,stop,1
ETHUSDT,F_213_blind,2022-06-18T12:00:00+00:00,2022-06-18T20:00:00+00:00,1006.366578,902.04525,1000,-103.6614,,stop,2
ETHUSDT,F_213_blind,2022-06-19T00:00:00+00:00,2022-06-19T04:00:00+00:00,996.413656,1007.421016,1000,11.047,,stop,1
ETHUSDT,F_213_blind,2022-06-19T08:00:00+00:00,2022-06-19T12:00:00+00:00,956.972449,1076.136482,1000,124.5219,,stop,1
ETHUSDT,F_213_blind,2022-06-19T16:00:00+00:00,2022-06-19T20:00:00+00:00,1073.073184,1126.300967,1000,49.6031,,stop,1
ETHUSDT,F_213_blind,2022-06-20T00:00:00+00:00,2022-06-20T12:00:00+00:00,1129.997089,1167.544217,1000,33.2276,,stop,3
ETHUSDT,F_213_blind,2022-06-20T16:00:00+00:00,2022-06-21T04:00:00+00:00,1136.024915,1140.018467,1000,3.5154,,stop,3
ETHUSDT,F_213_blind,2022-06-23T04:00:00+00:00,2022-06-23T08:00:00+00:00,1077.79932,1107.670154,1000,27.7147,,stop,1
ETHUSDT,F_213_blind,2022-06-23T12:00:00+00:00,2022-06-23T16:00:00+00:00,1108.028567,1129.174922,1000,19.0847,,stop,1
ETHUSDT,F_213_blind,2022-06-23T20:00:00+00:00,2022-06-24T00:00:00+00:00,1128.104632,1152.575701,1000,21.6922,,stop,1
ETHUSDT,F_213_blind,2022-06-24T04:00:00+00:00,2022-06-24T08:00:00+00:00,1151.885507,1157.311257,1000,4.7103,,stop,1
ETHUSDT,F_213_blind,2022-06-24T16:00:00+00:00,2022-06-24T20:00:00+00:00,1199.537374,1229.414081,1000,24.9069,,stop,1
ETHUSDT,F_213_blind,2022-06-25T04:00:00+00:00,2022-06-25T08:00:00+00:00,1225.350888,1237.028066,1000,9.5297,,stop,1
ETHUSDT,F_213_blind,2022-06-26T00:00:00+00:00,2022-06-26T08:00:00+00:00,1243.925003,1247.898286,1000,3.1941,,stop,2
ETHUSDT,F_213_blind,2022-06-27T20:00:00+00:00,2022-06-28T00:00:00+00:00,1198.25571,1216.441368,1000,15.1768,,stop,1
ETHUSDT,F_213_blind,2022-06-28T08:00:00+00:00,2022-06-28T12:00:00+00:00,1209.229958,1231.230261,1000,18.1936,,stop,1
ETHUSDT,F_213_blind,2022-06-29T04:00:00+00:00,2022-06-29T08:00:00+00:00,1146.38837,1151.520415,1000,4.4767,,stop,1
ETHUSDT,F_213_blind,2022-06-29T20:00:00+00:00,2022-06-30T00:00:00+00:00,1119.403335,1122.978877,1000,3.1941,,stop,1
ETHUSDT,F_213_blind,2022-06-30T16:00:00+00:00,2022-06-30T20:00:00+00:00,1033.561886,1043.804488,1000,9.91,,stop,1
ETHUSDT,F_213_blind,2022-07-01T00:00:00+00:00,2022-07-01T04:00:00+00:00,1072.412326,1114.655462,1000,39.3908,,stop,1
ETHUSDT,F_213_blind,2022-07-01T20:00:00+00:00,2022-07-02T00:00:00+00:00,1069.28827,1089.707936,1000,19.0965,,stop,1
ETHUSDT,F_213_blind,2022-07-02T16:00:00+00:00,2022-07-02T20:00:00+00:00,1054.258757,1076.615474,1000,21.2061,,stop,1
ETHUSDT,F_213_blind,2022-07-04T00:00:00+00:00,2022-07-04T12:00:00+00:00,1075.656538,1103.818256,1000,26.181,,stop,3
ETHUSDT,F_213_blind,2022-07-04T16:00:00+00:00,2022-07-04T20:00:00+00:00,1113.64586,1132.917051,1000,17.3046,,stop,1
ETHUSDT,F_213_blind,2022-07-05T00:00:00+00:00,2022-07-05T04:00:00+00:00,1152.506313,1159.474102,1000,6.0458,,stop,1
ETHUSDT,F_213_blind,2022-07-05T20:00:00+00:00,2022-07-06T00:00:00+00:00,1148.020489,1167.544217,1000,17.0064,,stop,1
ETHUSDT,F_213_blind,2022-07-07T00:00:00+00:00,2022-07-07T12:00:00+00:00,1188.112541,1191.907551,1000,3.1942,,stop,3
ETHUSDT,F_213_blind,2022-07-07T16:00:00+00:00,2022-07-07T20:00:00+00:00,1221.956481,1251.657295,1000,24.306,,stop,1
ETHUSDT,F_213_blind,2022-07-10T20:00:00+00:00,2022-07-11T00:00:00+00:00,1175.846616,1181.102548,1000,4.4699,,stop,1
ETHUSDT,F_213_blind,2022-07-11T12:00:00+00:00,2022-07-11T16:00:00+00:00,1145.046628,1159.311533,1000,12.4579,,stop,1
ETHUSDT,F_213_blind,2022-07-11T20:00:00+00:00,2022-07-11T20:00:00+00:00,1143.28434,1097.361627,1000,-40.1674,,stop,0
ETHUSDT,F_213_blind,2022-07-12T12:00:00+00:00,2022-07-12T16:00:00+00:00,1067.215579,1081.215798,1000,13.1185,,stop,1
ETHUSDT,F_213_blind,2022-07-13T04:00:00+00:00,2022-07-13T08:00:00+00:00,1053.708042,1070.228907,1000,15.6788,,stop,1
ETHUSDT,F_213_blind,2022-07-13T12:00:00+00:00,2022-07-13T12:00:00+00:00,1083.426626,1030.759181,1000,-48.6119,,stop,0
ETHUSDT,F_213_blind,2022-07-14T00:00:00+00:00,2022-07-14T04:00:00+00:00,1116.459513,1123.473204,1000,6.2821,,stop,1
ETHUSDT,F_213_blind,2022-07-14T16:00:00+00:00,2022-07-14T20:00:00+00:00,1142.443248,1212.100498,1000,60.9722,,stop,1
ETHUSDT,F_213_blind,2022-07-16T20:00:00+00:00,2022-07-17T00:00:00+00:00,1337.967099,1360.238908,1000,16.646,,stop,1
ETHUSDT,F_213_blind,2022-07-18T08:00:00+00:00,2022-07-18T12:00:00+00:00,1469.047282,1506.740759,1000,25.6585,,stop,1
ETHUSDT,F_213_blind,2022-07-19T04:00:00+00:00,2022-07-19T08:00:00+00:00,1518.211112,1539.441976,1000,13.9841,,stop,1
ETHUSDT,F_213_blind,2022-07-19T20:00:00+00:00,2022-07-20T00:00:00+00:00,1562.809014,1584.766642,1000,14.0501,,stop,1
ETHUSDT,F_213_blind,2022-07-20T04:00:00+00:00,2022-07-20T08:00:00+00:00,1563.750236,1576.484063,1000,8.1431,,stop,1
ETHUSDT,F_213_blind,2022-07-20T12:00:00+00:00,2022-07-20T16:00:00+00:00,1604.98377,1615.056893,1000,6.2762,,stop,1
ETHUSDT,F_213_blind,2022-07-21T16:00:00+00:00,2022-07-21T20:00:00+00:00,1512.974313,1576.683643,1000,42.1087,,stop,1
ETHUSDT,F_213_blind,2022-07-22T00:00:00+00:00,2022-07-22T04:00:00+00:00,1577.498085,1592.570228,1000,9.5545,,stop,1
ETHUSDT,F_213_blind,2022-07-22T08:00:00+00:00,2022-07-22T12:00:00+00:00,1603.772197,1646.586611,1000,26.6961,,stop,1
ETHUSDT,F_213_blind,2022-07-23T00:00:00+00:00,2022-07-23T04:00:00+00:00,1537.265851,1576.683643,1000,25.6415,,stop,1
ETHUSDT,F_213_blind,2022-07-23T08:00:00+00:00,2022-07-23T12:00:00+00:00,1580.401855,1585.449896,1000,3.1941,,stop,1
ETHUSDT,F_213_blind,2022-07-24T04:00:00+00:00,2022-07-24T08:00:00+00:00,1553.526963,1616.589706,1000,40.5933,,stop,1
ETHUSDT,F_213_blind,2022-07-24T12:00:00+00:00,2022-07-25T00:00:00+00:00,1617.940592,1660.846617,1000,26.5189,,stop,3
ETHUSDT,F_213_blind,2022-07-25T20:00:00+00:00,2022-07-26T00:00:00+00:00,1496.9435,1535.280729,1000,25.6103,,stop,1
ETHUSDT,F_213_blind,2022-07-26T20:00:00+00:00,2022-07-27T00:00:00+00:00,1367.865917,1451.057881,1000,60.8188,,stop,1
ETHUSDT,F_213_blind,2022-07-27T04:00:00+00:00,2022-07-27T08:00:00+00:00,1426.602175,1468.910331,1000,29.6566,,stop,1
ETHUSDT,F_213_blind,2022-07-27T16:00:00+00:00,2022-07-27T20:00:00+00:00,1491.13596,1611.61018,1000,80.7936,,stop,1
ETHUSDT,F_213_blind,2022-07-28T08:00:00+00:00,2022-07-28T12:00:00+00:00,1620.543972,1641.587127,1000,12.9852,,stop,1
ETHUSDT,F_213_blind,2022-07-28T16:00:00+00:00,2022-07-28T20:00:00+00:00,1730.566816,1746.32682,1000,9.1068,,stop,1
ETHUSDT,F_213_blind,2022-07-31T20:00:00+00:00,2022-08-01T00:00:00+00:00,1719.602581,1725.09525,1000,3.1942,,stop,1
ETHUSDT,F_213_blind,2022-08-01T04:00:00+00:00,2022-08-01T20:00:00+00:00,1693.979314,1606.986084,1000,-51.3544,,stop,4
ETHUSDT,F_213_blind,2022-08-02T00:00:00+00:00,2022-08-02T04:00:00+00:00,1632.399364,1653.631792,1000,13.0069,,stop,1
ETHUSDT,F_213_blind,2022-08-02T08:00:00+00:00,2022-08-02T16:00:00+00:00,1595.591576,1634.551925,1000,24.4175,,stop,2
ETHUSDT,F_213_blind,2022-08-02T16:00:00+00:00,2022-08-02T20:00:00+00:00,1632.038896,1674.477945,1000,26.0037,,stop,1
ETHUSDT,F_213_blind,2022-08-03T08:00:00+00:00,2022-08-03T12:00:00+00:00,1631.197804,1669.478461,1000,23.4678,,stop,1
ETHUSDT,F_213_blind,2022-08-03T16:00:00+00:00,2022-08-03T20:00:00+00:00,1658.022631,1666.227605,1000,4.9486,,stop,1
ETHUSDT,F_213_blind,2022-08-04T04:00:00+00:00,2022-08-04T08:00:00+00:00,1653.296495,1658.577372,1000,3.1941,,stop,1
ETHUSDT,F_213_blind,2022-08-05T00:00:00+00:00,2022-08-05T04:00:00+00:00,1610.060361,1666.325094,1000,34.9457,,stop,1
ETHUSDT,F_213_blind,2022-08-05T08:00:00+00:00,2022-08-05T12:00:00+00:00,1665.031731,1714.26426,1000,29.5685,,stop,1
ETHUSDT,F_213_blind,2022-08-06T00:00:00+00:00,2022-08-06T04:00:00+00:00,1739.067853,1744.622697,1000,3.1941,,stop,1
ETHUSDT,F_213_blind,2022-08-06T08:00:00+00:00,2022-08-08T00:00:00+00:00,1722.966949,1728.470364,1000,3.1941,,stop,10
ETHUSDT,F_213_blind,2022-08-07T20:00:00+00:00,2022-08-08T00:00:00+00:00,1710.660972,1726.15924,1000,9.0598,,stop,1
ETHUSDT,F_213_blind,2022-08-08T04:00:00+00:00,2022-08-08T08:00:00+00:00,1711.982688,1736.34781,1000,14.2321,,stop,1
ETHUSDT,F_213_blind,2022-08-08T12:00:00+00:00,2022-08-08T16:00:00+00:00,1791.696181,1814.184091,1000,12.5512,,stop,1
ETHUSDT,F_213_blind,2022-08-10T00:00:00+00:00,2022-08-10T12:00:00+00:00,1704.973588,1710.419529,1000,3.1942,,stop,3
ETHUSDT,F_213_blind,2022-08-10T12:00:00+00:00,2022-08-10T16:00:00+00:00,1709.41936,1849.659473,1000,82.0396,,stop,1
ETHUSDT,F_213_blind,2022-08-11T04:00:00+00:00,2022-08-11T08:00:00+00:00,1882.824494,1901.999382,1000,10.1841,,stop,1
ETHUSDT,F_213_blind,2022-08-13T00:00:00+00:00,2022-08-13T04:00:00+00:00,1960.825764,1994.684431,1000,17.2676,,stop,1
ETHUSDT,F_213_blind,2022-08-15T04:00:00+00:00,2022-08-15T04:00:00+00:00,1988.912229,1900.081765,1000,-44.6628,,stop,0
ETHUSDT,F_213_blind,2022-08-15T16:00:00+00:00,2022-08-15T20:00:00+00:00,1920.203023,1927.044741,1000,3.563,,stop,1
ETHUSDT,F_213_blind,2022-08-16T00:00:00+00:00,2022-08-16T04:00:00+00:00,1901.518765,1908.635644,1000,3.7427,,stop,1
ETHUSDT,F_213_blind,2022-08-16T12:00:00+00:00,2022-08-16T16:00:00+00:00,1909.118632,1915.216643,1000,3.1941,,stop,1
ETHUSDT,F_213_blind,2022-08-17T04:00:00+00:00,2022-08-17T08:00:00+00:00,1898.454787,1955.317235,1000,29.952,,stop,1
ETHUSDT,F_213_blind,2022-08-17T20:00:00+00:00,2022-08-18T00:00:00+00:00,1840.900063,1847.866686,1000,3.7844,,stop,1
ETHUSDT,F_213_blind,2022-08-18T04:00:00+00:00,2022-08-18T12:00:00+00:00,1851.053245,1860.385271,1000,5.0415,,stop,2
ETHUSDT,F_213_blind,2022-08-18T16:00:00+00:00,2022-08-19T04:00:00+00:00,1875.555056,1792.851315,1000,-44.0956,,stop,3
ETHUSDT,F_213_blind,2022-08-19T20:00:00+00:00,2022-08-19T20:00:00+00:00,1703.391534,1612.74652,1000,-53.2144,,stop,0
ETHUSDT,F_213_blind,2022-08-20T04:00:00+00:00,2022-08-20T08:00:00+00:00,1629.765945,1653.601855,1000,14.6254,,stop,1
ETHUSDT,F_213_blind,2022-08-20T16:00:00+00:00,2022-08-20T20:00:00+00:00,1636.82511,1544.247832,1000,-56.5591,,stop,1
ETHUSDT,F_213_blind,2022-08-21T00:00:00+00:00,2022-08-21T04:00:00+00:00,1578.078839,1600.862785,1000,14.4378,,stop,1
ETHUSDT,F_213_blind,2022-08-21T16:00:00+00:00,2022-08-21T20:00:00+00:00,1623.217443,1629.608751,1000,3.9374,,stop,1
ETHUSDT,F_213_blind,2022-08-22T12:00:00+00:00,2022-08-22T16:00:00+00:00,1569.808101,1591.652159,1000,13.9151,,stop,1
ETHUSDT,F_213_blind,2022-08-23T04:00:00+00:00,2022-08-23T08:00:00+00:00,1611.352038,1616.498938,1000,3.1942,,stop,1
ETHUSDT,F_213_blind,2022-08-23T12:00:00+00:00,2022-08-23T16:00:00+00:00,1622.586624,1651.965298,1000,18.1061,,stop,1
ETHUSDT,F_213_blind,2022-08-24T20:00:00+00:00,2022-08-25T00:00:00+00:00,1680.772167,1686.140805,1000,3.1941,,stop,1
ETHUSDT,F_213_blind,2022-08-25T08:00:00+00:00,2022-08-25T12:00:00+00:00,1711.141596,1716.607239,1000,3.1942,,stop,1
ETHUSDT,F_213_blind,2022-08-27T08:00:00+00:00,2022-08-29T16:00:00+00:00,1509.980426,1528.155716,1000,12.0368,,stop,14
ETHUSDT,F_213_blind,2022-08-27T20:00:00+00:00,2022-08-28T00:00:00+00:00,1481.543506,1495.604184,1000,9.4906,,stop,1
ETHUSDT,F_213_blind,2022-08-28T16:00:00+00:00,2022-08-28T20:00:00+00:00,1488.772892,1493.528256,1000,3.1941,,stop,1
ETHUSDT,F_213_blind,2022-08-29T04:00:00+00:00,2022-08-29T16:00:00+00:00,1458.773944,1528.155716,1000,47.5617,,stop,3
ETHUSDT,F_213_blind,2022-08-29T20:00:00+00:00,2022-08-30T00:00:00+00:00,1533.350768,1556.715643,1000,15.2378,,stop,1
ETHUSDT,F_213_blind,2022-08-30T12:00:00+00:00,2022-08-30T12:00:00+00:00,1586.950357,1513.073658,1000,-46.5526,,stop,0
ETHUSDT,F_213_blind,2022-08-31T08:00:00+00:00,2022-08-31T12:00:00+00:00,1586.880266,1604.704704,1000,11.2324,,stop,1
ETHUSDT,F_213_blind,2022-09-02T04:00:00+00:00,2022-09-02T08:00:00+00:00,1597.894566,1606.584921,1000,5.4386,,stop,1
ETHUSDT,F_213_blind,2022-09-02T16:00:00+00:00,2022-09-03T04:00:00+00:00,1638.457229,1540.740231,1000,-59.6396,,stop,3
ETHUSDT,F_213_blind,2022-09-03T12:00:00+00:00,2022-09-03T16:00:00+00:00,1550.673258,1560.726634,1000,6.4832,,stop,1
ETHUSDT,F_213_blind,2022-09-03T20:00:00+00:00,2022-09-04T00:00:00+00:00,1551.324103,1556.759758,1000,3.5039,,stop,1
ETHUSDT,F_213_blind,2022-09-04T16:00:00+00:00,2022-09-04T20:00:00+00:00,1562.578715,1571.291682,1000,5.576,,stop,1
ETHUSDT,F_213_blind,2022-09-05T00:00:00+00:00,2022-09-05T04:00:00+00:00,1581.343077,1587.61767,1000,3.9679,,stop,1
ETHUSDT,F_213_blind,2022-09-05T16:00:00+00:00,2022-09-05T20:00:00+00:00,1602.901066,1608.020972,1000,3.1941,,stop,1
ETHUSDT,F_213_blind,2022-09-06T00:00:00+00:00,2022-09-06T04:00:00+00:00,1619.90314,1672.482143,1000,32.4581,,stop,1
ETHUSDT,F_213_blind,2022-09-06T12:00:00+00:00,2022-09-06T16:00:00+00:00,1670.649024,1683.858215,1000,7.9066,,stop,1
ETHUSDT,F_213_blind,2022-09-07T08:00:00+00:00,2022-09-07T12:00:00+00:00,1520.283803,1525.139818,1000,3.1942,,stop,1
ETHUSDT,F_213_blind,2022-09-07T20:00:00+00:00,2022-09-08T00:00:00+00:00,1572.181182,1654.020974,1000,52.0549,,stop,1
ETHUSDT,F_213_blind,2022-09-08T04:00:00+00:00,2022-09-08T08:00:00+00:00,1631.898714,1642.227006,1000,6.329,,stop,1
ETHUSDT,F_213_blind,2022-09-09T08:00:00+00:00,2022-09-09T12:00:00+00:00,1707.146409,1712.599291,1000,3.1941,,stop,1
ETHUSDT,F_213_blind,2022-09-10T08:00:00+00:00,2022-09-10T12:00:00+00:00,1713.2243,1722.790477,1000,5.5837,,stop,1
ETHUSDT,F_213_blind,2022-09-11T04:00:00+00:00,2022-09-11T08:00:00+00:00,1763.159131,1768.790926,1000,3.1941,,stop,1
ETHUSDT,F_213_blind,2022-09-12T20:00:00+00:00,2022-09-13T12:00:00+00:00,1728.514151,1743.053705,1000,8.4116,,stop,4
ETHUSDT,F_213_blind,2022-09-13T20:00:00+00:00,2022-09-14T00:00:00+00:00,1607.336825,1620.990449,1000,8.4946,,stop,1
ETHUSDT,F_213_blind,2022-09-14T04:00:00+00:00,2022-09-14T08:00:00+00:00,1604.993783,1620.431625,1000,9.6186,,stop,1
ETHUSDT,F_213_blind,2022-09-15T00:00:00+00:00,2022-09-15T04:00:00+00:00,1640.52992,1649.742144,1000,5.6154,,stop,1
ETHUSDT,F_213_blind,2022-09-15T08:00:00+00:00,2022-09-15T12:00:00+00:00,1638.777645,1519.18442,1000,-72.9771,,stop,1
ETHUSDT,F_213_blind,2022-09-15T20:00:00+00:00,2022-09-16T00:00:00+00:00,1499.586932,1504.642179,1000,3.3711,,stop,1
ETHUSDT,F_213_blind,2022-09-16T04:00:00+00:00,2022-09-16T08:00:00+00:00,1475.475628,1480.188518,1000,3.1941,,stop,1
ETHUSDT,F_213_blind,2022-09-16T12:00:00+00:00,2022-09-18T16:00:00+00:00,1480.562232,1376.392022,1000,-70.3585,,stop,13
ETHUSDT,F_213_blind,2022-09-17T08:00:00+00:00,2022-09-17T16:00:00+00:00,1434.232081,1447.595165,1000,9.3172,,stop,2
ETHUSDT,F_213_blind,2022-09-17T20:00:00+00:00,2022-09-18T00:00:00+00:00,1466.574071,1471.258529,1000,3.1942,,stop,1
ETHUSDT,F_213_blind,2022-09-18T08:00:00+00:00,2022-09-18T12:00:00+00:00,1455.339485,1459.988058,1000,3.1941,,stop,1
ETHUSDT,F_213_blind,2022-09-19T08:00:00+00:00,2022-09-19T12:00:00+00:00,1303.912886,1317.269289,1000,10.2433,,stop,1
ETHUSDT,F_213_blind,2022-09-19T16:00:00+00:00,2022-09-19T20:00:00+00:00,1343.263976,1364.589756,1000,15.8761,,stop,1
ETHUSDT,F_213_blind,2022-09-20T00:00:00+00:00,2022-09-20T04:00:00+00:00,1377.768774,1382.169574,1000,3.1942,,stop,1
ETHUSDT,F_213_blind,2022-09-21T04:00:00+00:00,2022-09-21T08:00:00+00:00,1338.948373,1343.225175,1000,3.1941,,stop,1
ETHUSDT,F_213_blind,2022-09-22T04:00:00+00:00,2022-09-22T08:00:00+00:00,1264.561796,1278.041799,1000,10.6598,,stop,1
ETHUSDT,F_213_blind,2022-09-22T12:00:00+00:00,2022-09-22T16:00:00+00:00,1310.211063,1314.396074,1000,3.1942,,stop,1
ETHUSDT,F_213_blind,2022-09-22T20:00:00+00:00,2022-09-23T00:00:00+00:00,1325.601044,1347.246236,1000,16.3286,,stop,1
ETHUSDT,F_213_blind,2022-09-23T16:00:00+00:00,2022-09-23T20:00:00+00:00,1295.632135,1303.108913,1000,5.7708,,stop,1
ETHUSDT,F_213_blind,2022-09-24T00:00:00+00:00,2022-09-24T08:00:00+00:00,1328.965412,1333.388738,1000,3.3284,,stop,2
ETHUSDT,F_213_blind,2022-09-24T08:00:00+00:00,2022-09-24T12:00:00+00:00,1324.11912,1328.348555,1000,3.1941,,stop,1
ETHUSDT,F_213_blind,2022-09-24T20:00:00+00:00,2022-09-27T04:00:00+00:00,1344.04499,1386.852928,1000,31.8501,,stop,14
ETHUSDT,F_213_blind,2022-09-26T16:00:00+00:00,2022-09-26T20:00:00+00:00,1326.902734,1337.606512,1000,8.0667,,stop,1
ETHUSDT,F_213_blind,2022-09-27T04:00:00+00:00,2022-09-27T08:00:00+00:00,1387.461358,1391.893118,1000,3.1942,,stop,1
ETHUSDT,F_213_blind,2022-09-28T00:00:00+00:00,2022-09-28T04:00:00+00:00,1329.736413,1336.020033,1000,4.7255,,stop,1
ETHUSDT,F_213_blind,2022-09-28T12:00:00+00:00,2022-09-28T16:00:00+00:00,1296.993903,1330.102296,1000,25.527,,stop,1
ETHUSDT,F_213_blind,2022-09-29T00:00:00+00:00,2022-09-29T04:00:00+00:00,1338.93836,1347.561849,1000,6.4405,,stop,1
ETHUSDT,F_213_blind,2022-09-30T16:00:00+00:00,2022-09-30T20:00:00+00:00,1352.846417,1357.229864,1000,3.2402,,stop,1
ETHUSDT,F_213_blind,2022-10-02T08:00:00+00:00,2022-10-02T20:00:00+00:00,1312.844482,1269.751656,1000,-32.824,,stop,3
ETHUSDT,F_213_blind,2022-10-02T20:00:00+00:00,2022-10-03T00:00:00+00:00,1306.516266,1264.32907,1000,-32.2898,,stop,1
ETHUSDT,F_213_blind,2022-10-03T04:00:00+00:00,2022-10-03T08:00:00+00:00,1293.47934,1297.646983,1000,3.222,,stop,1
ETHUSDT,F_213_blind,2022-10-03T16:00:00+00:00,2022-10-03T20:00:00+00:00,1320.474388,1325.514788,1000,3.8171,,stop,1
ETHUSDT,F_213_blind,2022-10-04T08:00:00+00:00,2022-10-04T12:00:00+00:00,1351.744987,1356.062663,1000,3.1941,,stop,1
ETHUSDT,F_213_blind,2022-10-04T16:00:00+00:00,2022-10-05T00:00:00+00:00,1355.690109,1366.675369,1000,8.1031,,stop,2
ETHUSDT,F_213_blind,2022-10-05T20:00:00+00:00,2022-10-06T00:00:00+00:00,1352.385819,1356.705542,1000,3.1941,,stop,1
ETHUSDT,F_213_blind,2022-10-06T08:00:00+00:00,2022-10-06T16:00:00+00:00,1370.148881,1375.748599,1000,4.0869,,stop,2
ETHUSDT,F_213_blind,2022-10-08T00:00:00+00:00,2022-10-08T04:00:00+00:00,1332.83043,1337.08769,1000,3.1941,,stop,1
ETHUSDT,F_213_blind,2022-10-08T08:00:00+00:00,2022-10-10T04:00:00+00:00,1332.209624,1336.464901,1000,3.1941,,stop,11
ETHUSDT,F_213_blind,2022-10-09T08:00:00+00:00,2022-10-09T12:00:00+00:00,1316.599357,1323.611086,1000,5.3256,,stop,1
ETHUSDT,F_213_blind,2022-10-09T16:00:00+00:00,2022-10-10T04:00:00+00:00,1328.244476,1333.588079,1000,4.0231,,stop,3
ETHUSDT,F_213_blind,2022-10-10T16:00:00+00:00,2022-10-10T20:00:00+00:00,1309.960738,1314.144949,1000,3.1941,,stop,1
ETHUSDT,F_213_blind,2022-10-11T08:00:00+00:00,2022-10-11T16:00:00+00:00,1285.859447,1293.40103,1000,5.865,,stop,2
ETHUSDT,F_213_blind,2022-10-11T16:00:00+00:00,2022-10-12T08:00:00+00:00,1295.241628,1299.378824,1000,3.1942,,stop,4
ETHUSDT,F_213_blind,2022-10-12T12:00:00+00:00,2022-10-12T16:00:00+00:00,1299.356971,1303.507312,1000,3.1941,,stop,1
ETHUSDT,F_213_blind,2022-10-13T16:00:00+00:00,2022-10-13T20:00:00+00:00,1258.53397,1292.172078,1000,26.728,,stop,1
ETHUSDT,F_213_blind,2022-10-14T00:00:00+00:00,2022-10-14T04:00:00+00:00,1288.753204,1339.183196,1000,39.1308,,stop,1
ETHUSDT,F_213_blind,2022-10-14T08:00:00+00:00,2022-10-14T12:00:00+00:00,1323.468275,1332.093025,1000,6.5168,,stop,1
ETHUSDT,F_213_blind,2022-10-16T20:00:00+00:00,2022-10-17T00:00:00+00:00,1309.790517,1313.974184,1000,3.1941,,stop,1
ETHUSDT,F_213_blind,2022-10-17T12:00:00+00:00,2022-10-17T16:00:00+00:00,1319.122633,1334.862284,1000,11.9319,,stop,1
ETHUSDT,F_213_blind,2022-10-19T00:00:00+00:00,2022-10-20T00:00:00+00:00,1312.413923,1270.71841,1000,-31.7701,,stop,6
ETHUSDT,F_213_blind,2022-10-20T08:00:00+00:00,2022-10-20T12:00:00+00:00,1294.100146,1298.233696,1000,3.1941,,stop,1
ETHUSDT,F_213_blind,2022-10-20T16:00:00+00:00,2022-10-21T12:00:00+00:00,1301.529792,1262.233895,1000,-30.1921,,stop,5
ETHUSDT,F_213_blind,2022-10-21T16:00:00+00:00,2022-10-21T20:00:00+00:00,1299.146698,1303.296367,1000,3.1942,,stop,1
ETHUSDT,F_213_blind,2022-10-22T04:00:00+00:00,2022-10-22T12:00:00+00:00,1300.508466,1304.662485,1000,3.1942,,stop,2
ETHUSDT,F_213_blind,2022-10-22T16:00:00+00:00,2022-10-23T20:00:00+00:00,1318.091294,1332.197888,1000,10.7023,,stop,7
ETHUSDT,F_213_blind,2022-10-24T00:00:00+00:00,2022-10-24T04:00:00+00:00,1365.963447,1370.326539,1000,3.1941,,stop,1
ETHUSDT,F_213_blind,2022-10-25T16:00:00+00:00,2022-10-25T20:00:00+00:00,1410.120777,1521.95875,1000,79.3109,,stop,1
ETHUSDT,F_213_blind,2022-10-26T12:00:00+00:00,2022-10-26T16:00:00+00:00,1530.477037,1591.64218,1000,39.9648,,stop,1
ETHUSDT,F_213_blind,2022-10-28T16:00:00+00:00,2022-10-28T20:00:00+00:00,1539.869231,1569.798126,1000,19.436,,stop,1
ETHUSDT,F_213_blind,2022-10-29T12:00:00+00:00,2022-10-29T16:00:00+00:00,1617.510033,1640.539331,1000,14.2375,,stop,1
ETHUSDT,F_213_blind,2022-11-01T00:00:00+00:00,2022-11-01T04:00:00+00:00,1574.734497,1601.361736,1000,16.909,,stop,1
ETHUSDT,F_213_blind,2022-11-01T08:00:00+00:00,2022-11-01T12:00:00+00:00,1593.188456,1609.534545,1000,10.26,,stop,1
ETHUSDT,F_213_blind,2022-11-02T16:00:00+00:00,2022-11-02T20:00:00+00:00,1560.536063,1618.276159,1000,37.0002,,stop,1
ETHUSDT,F_213_blind,2022-11-03T04:00:00+00:00,2022-11-03T08:00:00+00:00,1549.361555,1554.310448,1000,3.1942,,stop,1
ETHUSDT,F_213_blind,2022-11-03T16:00:00+00:00,2022-11-03T20:00:00+00:00,1544.475211,1549.408496,1000,3.1941,,stop,1
ETHUSDT,F_213_blind,2022-11-04T04:00:00+00:00,2022-11-04T08:00:00+00:00,1550.943609,1584.856453,1000,21.8659,,stop,1
ETHUSDT,F_213_blind,2022-11-04T16:00:00+00:00,2022-11-04T20:00:00+00:00,1627.082461,1646.377052,1000,11.8584,,stop,1
ETHUSDT,F_213_blind,2022-11-07T04:00:00+00:00,2022-11-07T08:00:00+00:00,1589.56375,1594.641055,1000,3.1941,,stop,1
ETHUSDT,F_213_blind,2022-11-07T12:00:00+00:00,2022-11-07T16:00:00+00:00,1582.043987,1587.677473,1000,3.5609,,stop,1
ETHUSDT,F_213_blind,2022-11-07T20:00:00+00:00,2022-11-07T20:00:00+00:00,1602.610689,1545.721493,1000,-35.4978,,stop,0
ETHUSDT,F_213_blind,2022-11-08T04:00:00+00:00,2022-11-08T04:00:00+00:00,1509.019178,1439.222896,1000,-46.2527,,stop,0
ETHUSDT,F_213_blind,2022-11-08T16:00:00+00:00,2022-11-08T16:00:00+00:00,1464.381224,1376.469484,1000,-60.0334,,stop,0
ETHUSDT,F_213_blind,2022-11-09T00:00:00+00:00,2022-11-09T08:00:00+00:00,1336.515214,1197.054161,1000,-104.3468,,stop,2
ETHUSDT,F_213_blind,2022-11-09T20:00:00+00:00,2022-11-10T08:00:00+00:00,1197.014098,1202.152907,1000,4.293,,stop,3
ETHUSDT,F_213_blind,2022-11-10T16:00:00+00:00,2022-11-10T20:00:00+00:00,1323.358132,1347.166404,1000,17.9908,,stop,1
ETHUSDT,F_213_blind,2022-11-12T08:00:00+00:00,2022-11-12T12:00:00+00:00,1268.036307,1272.086605,1000,3.1941,,stop,1
ETHUSDT,F_213_blind,2022-11-12T16:00:00+00:00,2022-11-14T16:00:00+00:00,1276.467253,1288.489823,1000,9.4186,,stop,12
ETHUSDT,F_213_blind,2022-11-14T08:00:00+00:00,2022-11-14T12:00:00+00:00,1261.698078,1273.581181,1000,9.4183,,stop,1
ETHUSDT,F_213_blind,2022-11-15T00:00:00+00:00,2022-11-15T04:00:00+00:00,1244.906277,1263.91152,1000,15.2664,,stop,1
ETHUSDT,F_213_blind,2022-11-16T20:00:00+00:00,2022-11-17T00:00:00+00:00,1210.27131,1217.701467,1000,6.1392,,stop,1
ETHUSDT,F_213_blind,2022-11-17T04:00:00+00:00,2022-11-17T08:00:00+00:00,1205.615265,1215.493362,1000,8.1934,,stop,1
ETHUSDT,F_213_blind,2022-11-18T00:00:00+00:00,2022-11-18T04:00:00+00:00,1201.980546,1231.409883,1000,24.484,,stop,1
ETHUSDT,F_213_blind,2022-11-18T08:00:00+00:00,2022-11-18T12:00:00+00:00,1216.229045,1221.967355,1000,4.7181,,stop,1
ETHUSDT,F_213_blind,2022-11-20T04:00:00+00:00,2022-11-20T08:00:00+00:00,1220.574687,1189.350804,1000,-25.5813,,stop,1
ETHUSDT,F_213_blind,2022-11-20T16:00:00+00:00,2022-11-20T20:00:00+00:00,1178.650256,1186.076094,1000,6.3003,,stop,1
ETHUSDT,F_213_blind,2022-11-21T12:00:00+00:00,2022-11-21T16:00:00+00:00,1126.4625,1144.582514,1000,16.0858,,stop,1
ETHUSDT,F_213_blind,2022-11-22T00:00:00+00:00,2022-11-22T04:00:00+00:00,1108.779542,1113.605848,1000,4.3528,,stop,1
ETHUSDT,F_213_blind,2022-11-22T08:00:00+00:00,2022-11-22T16:00:00+00:00,1094.731303,1141.558874,1000,42.7754,,stop,2
ETHUSDT,F_213_blind,2022-11-22T20:00:00+00:00,2022-11-23T00:00:00+00:00,1128.725438,1139.962232,1000,9.9553,,stop,1
ETHUSDT,F_213_blind,2022-11-23T04:00:00+00:00,2022-11-23T12:00:00+00:00,1172.332053,1181.764307,1000,8.0457,,stop,2
ETHUSDT,F_213_blind,2022-11-23T12:00:00+00:00,2022-11-23T20:00:00+00:00,1176.507474,1187.252762,1000,9.1332,,stop,2
ETHUSDT,F_213_blind,2022-11-24T08:00:00+00:00,2022-11-26T04:00:00+00:00,1208.288736,1226.091071,1000,14.7335,,stop,11
ETHUSDT,F_213_blind,2022-11-26T08:00:00+00:00,2022-11-26T12:00:00+00:00,1220.544648,1224.443251,1000,3.1941,,stop,1
ETHUSDT,F_213_blind,2022-11-27T04:00:00+00:00,2022-11-27T08:00:00+00:00,1218.08145,1221.972185,1000,3.1942,,stop,1
ETHUSDT,F_213_blind,2022-11-28T08:00:00+00:00,2022-11-28T16:00:00+00:00,1175.546226,1179.301097,1000,3.1941,,stop,2
ETHUSDT,F_213_blind,2022-11-28T20:00:00+00:00,2022-11-29T04:00:00+00:00,1173.113067,1187.492259,1000,12.2573,,stop,2
ETHUSDT,F_213_blind,2022-11-29T04:00:00+00:00,2022-11-29T08:00:00+00:00,1186.220084,1212.449764,1000,22.112,,stop,1
ETHUSDT,F_213_blind,2022-11-29T12:00:00+00:00,2022-11-30T00:00:00+00:00,1218.902516,1224.319573,1000,4.4442,,stop,3
ETHUSDT,F_213_blind,2022-11-30T04:00:00+00:00,2022-11-30T08:00:00+00:00,1266.734617,1270.780757,1000,3.1942,,stop,1
ETHUSDT,F_213_blind,2022-11-30T12:00:00+00:00,2022-11-30T16:00:00+00:00,1268.376749,1272.428135,1000,3.1942,,stop,1
ETHUSDT,F_213_blind,2022-11-30T20:00:00+00:00,2022-12-01T00:00:00+00:00,1288.87336,1307.020845,1000,14.0801,,stop,1
ETHUSDT,F_213_blind,2022-12-03T16:00:00+00:00,2022-12-03T20:00:00+00:00,1272.692352,1235.394249,1000,-29.3065,,stop,1
ETHUSDT,F_213_blind,2022-12-04T04:00:00+00:00,2022-12-04T08:00:00+00:00,1258.664139,1263.17104,1000,3.5807,,stop,1
ETHUSDT,F_213_blind,2022-12-04T16:00:00+00:00,2022-12-04T20:00:00+00:00,1261.477792,1280.067538,1000,14.7365,,stop,1
ETHUSDT,F_213_blind,2022-12-05T00:00:00+00:00,2022-12-05T04:00:00+00:00,1281.06322,1294.856431,1000,10.767,,stop,1
ETHUSDT,F_213_blind,2022-12-05T08:00:00+00:00,2022-12-05T12:00:00+00:00,1298.776217,1302.924703,1000,3.1941,,stop,1
ETHUSDT,F_213_blind,2022-12-06T04:00:00+00:00,2022-12-07T00:00:00+00:00,1263.450353,1270.556606,1000,5.6245,,stop,5
ETHUSDT,F_213_blind,2022-12-07T12:00:00+00:00,2022-12-07T16:00:00+00:00,1226.552448,1237.337416,1000,8.7929,,stop,1
ETHUSDT,F_213_blind,2022-12-07T20:00:00+00:00,2022-12-08T04:00:00+00:00,1233.721756,1237.662448,1000,3.1941,,stop,2
ETHUSDT,F_213_blind,2022-12-08T12:00:00+00:00,2022-12-08T16:00:00+00:00,1242.01252,1249.516214,1000,6.0416,,stop,1
ETHUSDT,F_213_blind,2022-12-08T20:00:00+00:00,2022-12-09T04:00:00+00:00,1285.56907,1289.67537,1000,3.1941,,stop,2
ETHUSDT,F_213_blind,2022-12-11T08:00:00+00:00,2022-12-11T20:00:00+00:00,1278.149437,1282.232038,1000,3.1941,,stop,3
ETHUSDT,F_213_blind,2022-12-12T08:00:00+00:00,2022-12-12T12:00:00+00:00,1248.070385,1253.144212,1000,4.0653,,stop,1
ETHUSDT,F_213_blind,2022-12-12T16:00:00+00:00,2022-12-12T20:00:00+00:00,1250.964142,1254.959909,1000,3.1942,,stop,1
ETHUSDT,F_213_blind,2022-12-13T00:00:00+00:00,2022-12-13T12:00:00+00:00,1277.068033,1287.292342,1000,8.0061,,stop,3
ETHUSDT,F_213_blind,2022-12-13T08:00:00+00:00,2022-12-13T12:00:00+00:00,1268.066346,1287.292342,1000,15.1617,,stop,1
ETHUSDT,F_213_blind,2022-12-13T16:00:00+00:00,2022-12-13T20:00:00+00:00,1325.500914,1329.734763,1000,3.1941,,stop,1
ETHUSDT,F_213_blind,2022-12-14T08:00:00+00:00,2022-12-14T12:00:00+00:00,1324.229263,1328.45905,1000,3.1942,,stop,1
ETHUSDT,F_213_blind,2022-12-14T16:00:00+00:00,2022-12-14T16:00:00+00:00,1340.049803,1300.355712,1000,-29.6214,,stop,0
ETHUSDT,F_213_blind,2022-12-16T04:00:00+00:00,2022-12-16T08:00:00+00:00,1273.433314,1277.500851,1000,3.1941,,stop,1
ETHUSDT,F_213_blind,2022-12-16T16:00:00+00:00,2022-12-16T20:00:00+00:00,1205.204732,1158.492446,1000,-38.7588,,stop,1
ETHUSDT,F_213_blind,2022-12-17T04:00:00+00:00,2022-12-17T08:00:00+00:00,1176.82789,1181.551064,1000,4.0135,,stop,1
ETHUSDT,F_213_blind,2022-12-17T16:00:00+00:00,2022-12-18T00:00:00+00:00,1181.624117,1186.105995,1000,3.793,,stop,2
ETHUSDT,F_213_blind,2022-12-18T04:00:00+00:00,2022-12-18T08:00:00+00:00,1189.093815,1195.584637,1000,5.4586,,stop,1
ETHUSDT,F_213_blind,2022-12-18T12:00:00+00:00,2022-12-18T20:00:00+00:00,1183.806951,1187.588208,1000,3.1942,,stop,2
ETHUSDT,F_213_blind,2022-12-19T08:00:00+00:00,2022-12-19T12:00:00+00:00,1181.393818,1185.167367,1000,3.1941,,stop,1
ETHUSDT,F_213_blind,2022-12-20T04:00:00+00:00,2022-12-20T08:00:00+00:00,1194.120341,1212.729176,1000,15.5837,,stop,1
ETHUSDT,F_213_blind,2022-12-20T12:00:00+00:00,2022-12-20T16:00:00+00:00,1213.886003,1227.887293,1000,11.5343,,stop,1
ETHUSDT,F_213_blind,2022-12-22T20:00:00+00:00,2022-12-23T00:00:00+00:00,1196.473396,1235.391509,1000,32.5274,,stop,1
ETHUSDT,F_213_blind,2022-12-23T04:00:00+00:00,2022-12-23T16:00:00+00:00,1225.571174,1229.485832,1000,3.1941,,stop,3
ETHUSDT,F_213_blind,2022-12-23T20:00:00+00:00,2022-12-24T20:00:00+00:00,1221.575987,1225.477884,1000,3.1941,,stop,6
ETHUSDT,F_213_blind,2022-12-25T04:00:00+00:00,2022-12-25T12:00:00+00:00,1222.947768,1200.482252,1000,-18.37,,stop,2
ETHUSDT,F_213_blind,2022-12-26T00:00:00+00:00,2022-12-26T04:00:00+00:00,1220.104076,1224.001271,1000,3.1941,,stop,1
ETHUSDT,F_213_blind,2022-12-26T20:00:00+00:00,2022-12-27T00:00:00+00:00,1219.112789,1227.030604,1000,6.4947,,stop,1
ETHUSDT,F_213_blind,2022-12-27T04:00:00+00:00,2022-12-27T16:00:00+00:00,1225.29081,1202.668163,1000,-18.4631,,stop,3
ETHUSDT,F_213_blind,2022-12-28T00:00:00+00:00,2022-12-28T00:00:00+00:00,1213.125015,1190.79354,1000,-18.4082,,stop,0
ETHUSDT,F_213_blind,2022-12-28T12:00:00+00:00,2022-12-28T16:00:00+00:00,1197.865203,1204.166246,1000,5.2602,,stop,1
ETHUSDT,F_213_blind,2022-12-28T20:00:00+00:00,2022-12-29T08:00:00+00:00,1194.600965,1198.4167,1000,3.1941,,stop,3
ETHUSDT,F_213_blind,2022-12-30T00:00:00+00:00,2022-12-31T16:00:00+00:00,1202.040624,1205.880122,1000,3.1942,,stop,10
ETHUSDT,F_213_blind,2022-12-30T20:00:00+00:00,2022-12-31T00:00:00+00:00,1196.433344,1200.254932,1000,3.1941,,stop,1
ETHUSDT,F_213_blind,2022-12-31T08:00:00+00:00,2022-12-31T16:00:00+00:00,1198.395892,1204.475224,1000,5.0729,,stop,2
ETHUSDT,F_213_blind,2023-01-01T08:00:00+00:00,2023-01-01T20:00:00+00:00,1196.623591,1200.538249,1000,3.2714,,stop,3
ETHUSDT,F_213_blind,2023-01-02T00:00:00+00:00,2023-01-02T08:00:00+00:00,1201.890429,1217.439269,1000,12.937,,stop,2
ETHUSDT,F_213_blind,2023-01-02T08:00:00+00:00,2023-01-02T12:00:00+00:00,1214.657004,1220.253026,1000,4.6071,,stop,1
ETHUSDT,F_213_blind,2023-01-04T04:00:00+00:00,2023-01-04T12:00:00+00:00,1252.355949,1259.832086,1000,5.9697,,stop,2
ETHUSDT,F_213_blind,2023-01-04T12:00:00+00:00,2023-01-04T16:00:00+00:00,1253.217067,1257.22003,1000,3.1942,,stop,1
ETHUSDT,F_213_blind,2023-01-06T16:00:00+00:00,2023-01-06T20:00:00+00:00,1264.651913,1272.490209,1000,6.198,,stop,1
ETHUSDT,F_213_blind,2023-01-07T04:00:00+00:00,2023-01-08T16:00:00+00:00,1268.176489,1272.227235,1000,3.1941,,stop,9
ETHUSDT,F_213_blind,2023-01-08T16:00:00+00:00,2023-01-08T20:00:00+00:00,1275.906525,1279.981962,1000,3.1942,,stop,1
ETHUSDT,F_213_blind,2023-01-09T00:00:00+00:00,2023-01-09T04:00:00+00:00,1291.827195,1310.852785,1000,14.7277,,stop,1
ETHUSDT,F_213_blind,2023-01-09T12:00:00+00:00,2023-01-09T16:00:00+00:00,1319.993764,1339.04349,1000,14.4317,,stop,1
ETHUSDT,F_213_blind,2023-01-12T00:00:00+00:00,2023-01-12T04:00:00+00:00,1391.20622,1415.792059,1000,17.6723,,stop,1
ETHUSDT,F_213_blind,2023-01-12T20:00:00+00:00,2023-01-13T00:00:00+00:00,1427.713618,1433.258339,1000,3.8836,,stop,1
ETHUSDT,F_213_blind,2023-01-13T16:00:00+00:00,2023-01-14T00:00:00+00:00,1423.828574,1460.927123,1000,26.0555,,stop,2
ETHUSDT,F_213_blind,2023-01-14T04:00:00+00:00,2023-01-14T12:00:00+00:00,1558.102904,1563.079718,1000,3.1941,,stop,2
ETHUSDT,F_213_blind,2023-01-14T20:00:00+00:00,2023-01-15T00:00:00+00:00,1531.478337,1556.635811,1000,16.4269,,stop,1
ETHUSDT,F_213_blind,2023-01-15T12:00:00+00:00,2023-01-15T16:00:00+00:00,1535.353368,1556.885287,1000,14.0241,,stop,1
ETHUSDT,F_213_blind,2023-01-16T08:00:00+00:00,2023-01-16T20:00:00+00:00,1567.995748,1601.132219,1000,21.133,,stop,3
ETHUSDT,F_213_blind,2023-01-17T00:00:00+00:00,2023-01-17T16:00:00+00:00,1578.990022,1605.622773,1000,16.867,,stop,4
ETHUSDT,F_213_blind,2023-01-19T04:00:00+00:00,2023-01-19T08:00:00+00:00,1526.802266,1531.679101,1000,3.1941,,stop,1
ETHUSDT,F_213_blind,2023-01-19T12:00:00+00:00,2023-01-19T16:00:00+00:00,1521.57548,1544.611104,1000,15.1393,,stop,1
ETHUSDT,F_213_blind,2023-01-20T20:00:00+00:00,2023-01-21T00:00:00+00:00,1602.570637,1666.394947,1000,39.8262,,stop,1
ETHUSDT,F_213_blind,2023-01-21T16:00:00+00:00,2023-01-21T20:00:00+00:00,1649.411451,1665.377088,1000,9.6796,,stop,1
ETHUSDT,F_213_blind,2023-01-22T16:00:00+00:00,2023-01-22T20:00:00+00:00,1637.62615,1660.397561,1000,13.9051,,stop,1
ETHUSDT,F_213_blind,2023-01-23T12:00:00+00:00,2023-01-23T12:00:00+00:00,1638.787658,1585.958942,1000,-32.2365,,stop,0
ETHUSDT,F_213_blind,2023-01-24T20:00:00+00:00,2023-01-24T20:00:00+00:00,1624.529146,1574.104432,1000,-31.0396,,stop,0
ETHUSDT,F_213_blind,2023-01-25T04:00:00+00:00,2023-01-25T08:00:00+00:00,1548.640619,1553.76965,1000,3.312,,stop,1
ETHUSDT,F_213_blind,2023-01-25T16:00:00+00:00,2023-01-26T00:00:00+00:00,1545.957135,1637.555607,1000,59.2503,,stop,2
ETHUSDT,F_213_blind,2023-01-26T04:00:00+00:00,2023-01-26T08:00:00+00:00,1616.969331,1622.134174,1000,3.1942,,stop,1
ETHUSDT,F_213_blind,2023-01-26T12:00:00+00:00,2023-01-26T16:00:00+00:00,1606.415629,1615.714717,1000,5.7887,,stop,1
ETHUSDT,F_213_blind,2023-01-27T08:00:00+00:00,2023-01-27T16:00:00+00:00,1587.46102,1592.531609,1000,3.1941,,stop,2
ETHUSDT,F_213_blind,2023-01-27T20:00:00+00:00,2023-01-28T00:00:00+00:00,1611.79261,1616.940917,1000,3.1941,,stop,1
ETHUSDT,F_213_blind,2023-01-29T04:00:00+00:00,2023-01-29T12:00:00+00:00,1596.432668,1616.390126,1000,12.5013,,stop,2
ETHUSDT,F_213_blind,2023-01-29T16:00:00+00:00,2023-01-29T20:00:00+00:00,1613.534872,1656.515726,1000,26.6377,,stop,1
ETHUSDT,F_213_blind,2023-01-30T00:00:00+00:00,2023-01-30T08:00:00+00:00,1646.868149,1591.065643,1000,-33.884,,stop,2
ETHUSDT,F_213_blind,2023-01-31T00:00:00+00:00,2023-01-31T04:00:00+00:00,1568.246073,1573.255286,1000,3.1942,,stop,1
ETHUSDT,F_213_blind,2023-01-31T16:00:00+00:00,2023-01-31T20:00:00+00:00,1591.0657,1599.887079,1000,5.5443,,stop,1
ETHUSDT,F_213_blind,2023-02-01T20:00:00+00:00,2023-02-02T00:00:00+00:00,1619.572711,1644.311397,1000,15.2748,,stop,1
ETHUSDT,F_213_blind,2023-02-02T16:00:00+00:00,2023-02-02T20:00:00+00:00,1680.331595,1711.080955,1000,18.2996,,stop,1
ETHUSDT,F_213_blind,2023-02-03T16:00:00+00:00,2023-02-03T20:00:00+00:00,1666.093109,1671.41486,1000,3.1941,,stop,1
ETHUSDT,F_213_blind,2023-02-04T16:00:00+00:00,2023-02-05T00:00:00+00:00,1682.153961,1687.527013,1000,3.1942,,stop,2
ETHUSDT,F_213_blind,2023-02-06T00:00:00+00:00,2023-02-06T04:00:00+00:00,1631.127713,1637.113922,1000,3.67,,stop,1
ETHUSDT,F_213_blind,2023-02-06T08:00:00+00:00,2023-02-06T16:00:00+00:00,1637.536033,1643.861598,1000,3.8629,,stop,2
ETHUSDT,F_213_blind,2023-02-06T20:00:00+00:00,2023-02-07T20:00:00+00:00,1650.44279,1674.847169,1000,14.7866,,stop,6
ETHUSDT,F_213_blind,2023-02-07T12:00:00+00:00,2023-02-07T20:00:00+00:00,1642.842923,1674.847169,1000,19.481,,stop,2
ETHUSDT,F_213_blind,2023-02-08T00:00:00+00:00,2023-02-08T04:00:00+00:00,1673.202339,1694.346155,1000,12.6367,,stop,1
ETHUSDT,F_213_blind,2023-02-09T08:00:00+00:00,2023-02-09T12:00:00+00:00,1631.998844,1637.211693,1000,3.1941,,stop,1
ETHUSDT,F_213_blind,2023-02-10T04:00:00+00:00,2023-02-10T08:00:00+00:00,1545.236199,1550.171915,1000,3.1942,,stop,1
ETHUSDT,F_213_blind,2023-02-10T20:00:00+00:00,2023-02-12T00:00:00+00:00,1536.284577,1541.1917,1000,3.1941,,stop,7
ETHUSDT,F_213_blind,2023-02-11T04:00:00+00:00,2023-02-11T12:00:00+00:00,1522.356494,1527.219129,1000,3.1942,,stop,2
ETHUSDT,F_213_blind,2023-02-11T16:00:00+00:00,2023-02-12T00:00:00+00:00,1524.809679,1539.761305,1000,9.8056,,stop,2
ETHUSDT,F_213_blind,2023-02-12T04:00:00+00:00,2023-02-12T12:00:00+00:00,1533.140495,1538.037576,1000,3.1941,,stop,2
ETHUSDT,F_213_blind,2023-02-12T20:00:00+00:00,2023-02-12T20:00:00+00:00,1541.230999,1501.860325,1000,-25.545,,stop,0
ETHUSDT,F_213_blind,2023-02-13T04:00:00+00:00,2023-02-13T08:00:00+00:00,1518.791866,1523.643115,1000,3.1941,,stop,1
ETHUSDT,F_213_blind,2023-02-13T20:00:00+00:00,2023-02-14T00:00:00+00:00,1492.718014,1507.259668,1000,9.7417,,stop,1
ETHUSDT,F_213_blind,2023-02-14T04:00:00+00:00,2023-02-14T08:00:00+00:00,1500.187712,1504.979537,1000,3.1942,,stop,1
ETHUSDT,F_213_blind,2023-02-14T12:00:00+00:00,2023-02-14T16:00:00+00:00,1509.66001,1565.706732,1000,37.1254,,stop,1
ETHUSDT,F_213_blind,2023-02-14T20:00:00+00:00,2023-02-15T12:00:00+00:00,1562.338403,1576.683643,1000,9.1819,,stop,4
ETHUSDT,F_213_blind,2023-02-15T16:00:00+00:00,2023-02-15T20:00:00+00:00,1581.55335,1625.900122,1000,28.04,,stop,1
ETHUSDT,F_213_blind,2023-02-16T00:00:00+00:00,2023-02-16T04:00:00+00:00,1677.097396,1708.646077,1000,18.8115,,stop,1
ETHUSDT,F_213_blind,2023-02-16T16:00:00+00:00,2023-02-16T20:00:00+00:00,1726.381382,1737.222731,1000,6.2798,,stop,1
ETHUSDT,F_213_blind,2023-02-20T04:00:00+00:00,2023-02-20T08:00:00+00:00,1686.579707,1692.739894,1000,3.6525,,stop,1
ETHUSDT,F_213_blind,2023-02-20T12:00:00+00:00,2023-02-21T08:00:00+00:00,1716.007914,1669.717313,1000,-26.9758,,stop,5
ETHUSDT,F_213_blind,2023-02-21T16:00:00+00:00,2023-02-21T20:00:00+00:00,1674.143561,1681.128308,1000,4.1721,,stop,1
ETHUSDT,F_213_blind,2023-02-22T12:00:00+00:00,2023-02-23T04:00:00+00:00,1646.63785,1675.475846,1000,17.5133,,stop,4
ETHUSDT,F_213_blind,2023-02-23T00:00:00+00:00,2023-02-23T04:00:00+00:00,1645.286095,1675.475846,1000,18.3492,,stop,1
ETHUSDT,F_213_blind,2023-02-23T16:00:00+00:00,2023-02-24T04:00:00+00:00,1658.142787,1663.439144,1000,3.1942,,stop,3
ETHUSDT,F_213_blind,2023-02-24T08:00:00+00:00,2023-02-24T16:00:00+00:00,1653.837197,1591.662485,1000,-37.5942,,stop,2
ETHUSDT,F_213_blind,2023-02-24T20:00:00+00:00,2023-02-25T00:00:00+00:00,1612.924079,1618.076,1000,3.1942,,stop,1
ETHUSDT,F_213_blind,2023-02-25T08:00:00+00:00,2023-02-26T16:00:00+00:00,1606.075187,1611.205232,1000,3.1942,,stop,8
ETHUSDT,F_213_blind,2023-02-26T16:00:00+00:00,2023-02-26T20:00:00+00:00,1607.176617,1632.566101,1000,15.7976,,stop,1
ETHUSDT,F_213_blind,2023-02-27T00:00:00+00:00,2023-02-27T04:00:00+00:00,1643.503781,1648.753379,1000,3.1941,,stop,1
ETHUSDT,F_213_blind,2023-02-27T12:00:00+00:00,2023-02-27T16:00:00+00:00,1643.373612,1661.72477,1000,11.1668,,stop,1
ETHUSDT,F_213_blind,2023-02-28T00:00:00+00:00,2023-02-28T16:00:00+00:00,1635.573485,1642.087468,1000,3.9827,,stop,4
ETHUSDT,F_213_blind,2023-03-01T04:00:00+00:00,2023-03-01T08:00:00+00:00,1640.519907,1658.072452,1000,10.6994,,stop,1
ETHUSDT,F_213_blind,2023-03-02T00:00:00+00:00,2023-03-02T04:00:00+00:00,1667.394799,1672.720708,1000,3.1941,,stop,1
ETHUSDT,F_213_blind,2023-03-02T20:00:00+00:00,2023-03-03T00:00:00+00:00,1650.613011,1655.885317,1000,3.1941,,stop,1
ETHUSDT,F_213_blind,2023-03-03T08:00:00+00:00,2023-03-03T12:00:00+00:00,1570.128517,1575.143743,1000,3.1941,,stop,1
ETHUSDT,F_213_blind,2023-03-03T16:00:00+00:00,2023-03-03T20:00:00+00:00,1568.546463,1573.556636,1000,3.1941,,stop,1
ETHUSDT,F_213_blind,2023-03-04T00:00:00+00:00,2023-03-04T04:00:00+00:00,1571.490285,1576.509861,1000,3.1941,,stop,1
ETHUSDT,F_213_blind,2023-03-05T04:00:00+00:00,2023-03-05T16:00:00+00:00,1569.898218,1574.912708,1000,3.1941,,stop,3
ETHUSDT,F_213_blind,2023-03-06T12:00:00+00:00,2023-03-06T16:00:00+00:00,1565.352316,1580.166318,1000,9.4637,,stop,1
ETHUSDT,F_213_blind,2023-03-07T04:00:00+00:00,2023-03-07T12:00:00+00:00,1577.14763,1543.374346,1000,-21.4142,,stop,2
ETHUSDT,F_213_blind,2023-03-08T00:00:00+00:00,2023-03-08T04:00:00+00:00,1563.980535,1568.976123,1000,3.1941,,stop,1
ETHUSDT,F_213_blind,2023-03-08T12:00:00+00:00,2023-03-08T16:00:00+00:00,1559.244386,1564.224846,1000,3.1942,,stop,1
ETHUSDT,F_213_blind,2023-03-09T04:00:00+00:00,2023-03-09T16:00:00+00:00,1543.744262,1504.551513,1000,-25.3881,,stop,3
ETHUSDT,F_213_blind,2023-03-10T16:00:00+00:00,2023-03-10T20:00:00+00:00,1418.872139,1436.408694,1000,12.3595,,stop,1
ETHUSDT,F_213_blind,2023-03-11T04:00:00+00:00,2023-03-11T08:00:00+00:00,1460.215816,1464.879964,1000,3.1941,,stop,1
ETHUSDT,F_213_blind,2023-03-11T12:00:00+00:00,2023-03-11T16:00:00+00:00,1428.95523,1433.519527,1000,3.1942,,stop,1
ETHUSDT,F_213_blind,2023-03-11T20:00:00+00:00,2023-03-12T00:00:00+00:00,1451.103986,1474.96759,1000,16.4451,,stop,1
ETHUSDT,F_213_blind,2023-03-12T20:00:00+00:00,2023-03-13T00:00:00+00:00,1514.546354,1590.843859,1000,50.3765,,stop,1
ETHUSDT,F_213_blind,2023-03-13T16:00:00+00:00,2023-03-13T20:00:00+00:00,1666.854097,1681.463252,1000,8.7645,,stop,1
ETHUSDT,F_213_blind,2023-03-14T16:00:00+00:00,2023-03-14T20:00:00+00:00,1772.331039,1668.711747,1000,-58.465,,stop,1
ETHUSDT,F_213_blind,2023-03-15T08:00:00+00:00,2023-03-17T04:00:00+00:00,1707.336656,1721.379294,1000,8.2249,,stop,11
ETHUSDT,F_213_blind,2023-03-17T08:00:00+00:00,2023-03-17T12:00:00+00:00,1717.820267,1760.267498,1000,24.7099,,stop,1
ETHUSDT,F_213_blind,2023-03-18T04:00:00+00:00,2023-03-18T08:00:00+00:00,1812.933754,1818.724536,1000,3.1941,,stop,1
ETHUSDT,F_213_blind,2023-03-19T20:00:00+00:00,2023-03-20T20:00:00+00:00,1823.597599,1734.207338,1000,-49.0186,,stop,6
ETHUSDT,F_213_blind,2023-03-21T04:00:00+00:00,2023-03-21T08:00:00+00:00,1748.409982,1753.994666,1000,3.1942,,stop,1
ETHUSDT,F_213_blind,2023-03-21T12:00:00+00:00,2023-03-21T16:00:00+00:00,1763.629742,1831.148408,1000,38.2839,,stop,1
ETHUSDT,F_213_blind,2023-03-23T00:00:00+00:00,2023-03-23T04:00:00+00:00,1736.594642,1742.141586,1000,3.1942,,stop,1
ETHUSDT,F_213_blind,2023-03-23T08:00:00+00:00,2023-03-23T12:00:00+00:00,1753.116092,1758.715808,1000,3.1942,,stop,1
ETHUSDT,F_213_blind,2023-03-23T16:00:00+00:00,2023-03-24T12:00:00+00:00,1839.378087,1752.43838,1000,-47.2658,,stop,5
ETHUSDT,F_213_blind,2023-03-24T08:00:00+00:00,2023-03-24T16:00:00+00:00,1817.539734,1745.049645,1000,-39.8836,,stop,2
ETHUSDT,F_213_blind,2023-03-25T04:00:00+00:00,2023-03-25T16:00:00+00:00,1758.2828,1763.899019,1000,3.1941,,stop,3
ETHUSDT,F_213_blind,2023-03-26T00:00:00+00:00,2023-03-26T04:00:00+00:00,1744.144444,1750.817754,1000,3.8261,,stop,1
ETHUSDT,F_213_blind,2023-03-26T08:00:00+00:00,2023-03-26T12:00:00+00:00,1754.828315,1783.887815,1000,16.5597,,stop,1
ETHUSDT,F_213_blind,2023-03-26T20:00:00+00:00,2023-03-27T00:00:00+00:00,1768.125579,1777.818428,1000,5.482,,stop,1
ETHUSDT,F_213_blind,2023-03-27T12:00:00+00:00,2023-03-27T12:00:00+00:00,1767.715046,1715.026895,1000,-29.8058,,stop,0
ETHUSDT,F_213_blind,2023-03-28T00:00:00+00:00,2023-03-28T04:00:00+00:00,1717.439773,1722.925533,1000,3.1941,,stop,1
ETHUSDT,F_213_blind,2023-03-28T12:00:00+00:00,2023-03-28T20:00:00+00:00,1747.749124,1791.960835,1000,25.2964,,stop,2
ETHUSDT,F_213_blind,2023-03-29T00:00:00+00:00,2023-03-29T04:00:00+00:00,1775.3049,1783.090984,1000,4.3858,,stop,1
ETHUSDT,F_213_blind,2023-03-29T08:00:00+00:00,2023-03-29T12:00:00+00:00,1807.196305,1824.153122,1000,9.3829,,stop,1
ETHUSDT,F_213_blind,2023-03-30T08:00:00+00:00,2023-03-31T04:00:00+00:00,1808.808398,1814.586003,1000,3.1941,,stop,5
ETHUSDT,F_213_blind,2023-03-31T16:00:00+00:00,2023-04-01T04:00:00+00:00,1832.97978,1838.834592,1000,3.1941,,stop,3
ETHUSDT,F_213_blind,2023-04-03T00:00:00+00:00,2023-04-03T00:00:00+00:00,1796.842863,1760.716666,1000,-20.1054,,stop,0
ETHUSDT,F_213_blind,2023-04-03T08:00:00+00:00,2023-04-03T12:00:00+00:00,1797.193318,1813.68514,1000,9.1764,,stop,1
ETHUSDT,F_213_blind,2023-04-03T20:00:00+00:00,2023-04-03T20:00:00+00:00,1821.244544,1773.912599,1000,-25.9888,,stop,0
ETHUSDT,F_213_blind,2023-04-04T12:00:00+00:00,2023-04-04T16:00:00+00:00,1867.32437,1887.938957,1000,11.0396,,stop,1
ETHUSDT,F_213_blind,2023-04-04T20:00:00+00:00,2023-04-05T00:00:00+00:00,1871.349596,1880.777806,1000,5.0382,,stop,1
ETHUSDT,F_213_blind,2023-04-05T04:00:00+00:00,2023-04-05T12:00:00+00:00,1914.856081,1920.972419,1000,3.1942,,stop,2
ETHUSDT,F_213_blind,2023-04-07T16:00:00+00:00,2023-04-08T00:00:00+00:00,1862.778468,1868.728462,1000,3.1941,,stop,2
ETHUSDT,F_213_blind,2023-04-08T08:00:00+00:00,2023-04-09T04:00:00+00:00,1874.73399,1830.454159,1000,-23.6193,,stop,5
ETHUSDT,F_213_blind,2023-04-09T12:00:00+00:00,2023-04-09T20:00:00+00:00,1841.610986,1862.831766,1000,11.5229,,stop,2
ETHUSDT,F_213_blind,2023-04-10T00:00:00+00:00,2023-04-10T08:00:00+00:00,1861.326583,1867.271939,1000,3.1942,,stop,2
ETHUSDT,F_213_blind,2023-04-10T16:00:00+00:00,2023-04-10T20:00:00+00:00,1863.71969,1900.991502,1000,19.9986,,stop,1
ETHUSDT,F_213_blind,2023-04-11T00:00:00+00:00,2023-04-11T04:00:00+00:00,1912.693273,1933.303538,1000,10.7755,,stop,1
ETHUSDT,F_213_blind,2023-04-12T08:00:00+00:00,2023-04-12T16:00:00+00:00,1872.73139,1928.94271,1000,30.0157,,stop,2
ETHUSDT,F_213_blind,2023-04-12T20:00:00+00:00,2023-04-13T00:00:00+00:00,1903.781703,1926.318231,1000,11.8378,,stop,1
ETHUSDT,F_213_blind,2023-04-13T12:00:00+00:00,2023-04-13T16:00:00+00:00,1987.971007,2004.17447,1000,8.1508,,stop,1
ETHUSDT,F_213_blind,2023-04-14T04:00:00+00:00,2023-04-14T08:00:00+00:00,2111.7417,2118.48692,1000,3.1942,,stop,1
ETHUSDT,F_213_blind,2023-04-17T20:00:00+00:00,2023-04-18T08:00:00+00:00,2080.851595,2106.179914,1000,12.1721,,stop,3
ETHUSDT,F_213_blind,2023-04-18T04:00:00+00:00,2023-04-18T08:00:00+00:00,2082.40361,2106.179914,1000,11.4177,,stop,1
ETHUSDT,F_213_blind,2023-04-18T12:00:00+00:00,2023-04-19T08:00:00+00:00,2120.55314,2061.004632,1000,-28.0816,,stop,5
ETHUSDT,F_213_blind,2023-04-19T16:00:00+00:00,2023-04-19T20:00:00+00:00,1985.988433,1992.331978,1000,3.1941,,stop,1
ETHUSDT,F_213_blind,2023-04-20T04:00:00+00:00,2023-04-20T08:00:00+00:00,1952.244623,1958.480385,1000,3.1941,,stop,1
ETHUSDT,F_213_blind,2023-04-20T16:00:00+00:00,2023-04-20T20:00:00+00:00,1948.449696,1954.673337,1000,3.1941,,stop,1
ETHUSDT,F_213_blind,2023-04-21T00:00:00+00:00,2023-04-21T04:00:00+00:00,1945.505874,1951.720112,1000,3.1941,,stop,1
ETHUSDT,F_213_blind,2023-04-22T00:00:00+00:00,2023-04-22T04:00:00+00:00,1851.173401,1857.086327,1000,3.1941,,stop,1
ETHUSDT,F_213_blind,2023-04-22T12:00:00+00:00,2023-04-22T16:00:00+00:00,1854.50773,1865.956839,1000,6.1737,,stop,1
ETHUSDT,F_213_blind,2023-04-22T20:00:00+00:00,2023-04-23T00:00:00+00:00,1874.483665,1880.471047,1000,3.1942,,stop,1
ETHUSDT,F_213_blind,2023-04-23T12:00:00+00:00,2023-04-23T16:00:00+00:00,1876.886785,1882.881843,1000,3.1941,,stop,1
ETHUSDT,F_213_blind,2023-04-24T04:00:00+00:00,2023-04-24T16:00:00+00:00,1870.548556,1876.523369,1000,3.1941,,stop,3
ETHUSDT,F_213_blind,2023-04-25T00:00:00+00:00,2023-04-25T04:00:00+00:00,1844.234392,1850.125153,1000,3.1941,,stop,1
ETHUSDT,F_213_blind,2023-04-25T12:00:00+00:00,2023-04-25T16:00:00+00:00,1828.403839,1834.244035,1000,3.1942,,stop,1
ETHUSDT,F_213_blind,2023-04-25T20:00:00+00:00,2023-04-26T00:00:00+00:00,1840.048958,1873.918447,1000,18.4068,,stop,1
ETHUSDT,F_213_blind,2023-04-26T12:00:00+00:00,2023-04-26T16:00:00+00:00,1917.068954,1960.596131,1000,22.7051,,stop,1
ETHUSDT,F_213_blind,2023-04-27T00:00:00+00:00,2023-04-27T04:00:00+00:00,1868.435813,1936.886003,1000,36.635,,stop,1
ETHUSDT,F_213_blind,2023-04-27T16:00:00+00:00,2023-04-27T20:00:00+00:00,1902.67026,1933.702698,1000,16.3099,,stop,1
ETHUSDT,F_213_blind,2023-04-29T08:00:00+00:00,2023-04-29T16:00:00+00:00,1904.662847,1911.675587,1000,3.6819,,stop,2
ETHUSDT,F_213_blind,2023-04-30T08:00:00+00:00,2023-04-30T12:00:00+00:00,1905.533978,1911.620539,1000,3.1941,,stop,1
ETHUSDT,F_213_blind,2023-04-30T16:00:00+00:00,2023-04-30T20:00:00+00:00,1922.496,1928.636741,1000,3.1942,,stop,1
ETHUSDT,F_213_blind,2023-05-01T08:00:00+00:00,2023-05-02T16:00:00+00:00,1852.094597,1862.737489,1000,5.7464,,stop,8
ETHUSDT,F_213_blind,2023-05-02T00:00:00+00:00,2023-05-02T04:00:00+00:00,1833.109949,1838.965177,1000,3.1941,,stop,1
ETHUSDT,F_213_blind,2023-05-02T16:00:00+00:00,2023-05-02T20:00:00+00:00,1861.21644,1877.92003,1000,8.9746,,stop,1
ETHUSDT,F_213_blind,2023-05-03T00:00:00+00:00,2023-05-03T20:00:00+00:00,1872.521117,1890.473625,1000,9.5873,,stop,5
ETHUSDT,F_213_blind,2023-05-04T00:00:00+00:00,2023-05-04T12:00:00+00:00,1907.596656,1913.689806,1000,3.1942,,stop,3
ETHUSDT,F_213_blind,2023-05-04T08:00:00+00:00,2023-05-04T12:00:00+00:00,1900.86792,1911.934729,1000,5.822,,stop,1
ETHUSDT,F_213_blind,2023-05-05T00:00:00+00:00,2023-05-05T04:00:00+00:00,1879.510191,1904.993085,1000,13.5583,,stop,1
ETHUSDT,F_213_blind,2023-05-05T08:00:00+00:00,2023-05-05T12:00:00+00:00,1897.56363,1908.24693,1000,5.63,,stop,1
ETHUSDT,F_213_blind,2023-05-05T16:00:00+00:00,2023-05-05T20:00:00+00:00,1955.879342,1994.165522,1000,19.5749,,stop,1
ETHUSDT,F_213_blind,2023-05-06T00:00:00+00:00,2023-05-06T04:00:00+00:00,1995.89129,2014.7622,1000,9.4549,,stop,1
ETHUSDT,F_213_blind,2023-05-06T20:00:00+00:00,2023-05-07T04:00:00+00:00,1900.407322,1912.273608,1000,6.2441,,stop,2
ETHUSDT,F_213_blind,2023-05-07T08:00:00+00:00,2023-05-07T12:00:00+00:00,1908.027215,1914.12174,1000,3.1942,,stop,1
ETHUSDT,F_213_blind,2023-05-08T12:00:00+00:00,2023-05-08T16:00:00+00:00,1865.211627,1871.169393,1000,3.1941,,stop,1
ETHUSDT,F_213_blind,2023-05-10T16:00:00+00:00,2023-05-10T16:00:00+00:00,1875.274692,1823.449693,1000,-27.636,,stop,0
ETHUSDT,F_213_blind,2023-05-11T08:00:00+00:00,2023-05-11T16:00:00+00:00,1831.788233,1837.639239,1000,3.1941,,stop,2
ETHUSDT,F_213_blind,2023-05-12T00:00:00+00:00,2023-05-12T04:00:00+00:00,1796.642603,1802.381349,1000,3.1942,,stop,1
ETHUSDT,F_213_blind,2023-05-12T12:00:00+00:00,2023-05-12T16:00:00+00:00,1767.154318,1777.349977,1000,5.7695,,stop,1
ETHUSDT,F_213_blind,2023-05-12T20:00:00+00:00,2023-05-13T00:00:00+00:00,1792.327,1814.812768,1000,12.5456,,stop,1
ETHUSDT,F_213_blind,2023-05-13T04:00:00+00:00,2023-05-14T16:00:00+00:00,1807.967306,1817.985542,1000,5.5412,,stop,9
ETHUSDT,F_213_blind,2023-05-15T04:00:00+00:00,2023-05-15T08:00:00+00:00,1828.47393,1834.31435,1000,3.1942,,stop,1
ETHUSDT,F_213_blind,2023-05-17T16:00:00+00:00,2023-05-17T20:00:00+00:00,1799.576412,1830.080654,1000,16.9508,,stop,1
ETHUSDT,F_213_blind,2023-05-18T00:00:00+00:00,2023-05-18T08:00:00+00:00,1824.488756,1830.316447,1000,3.1942,,stop,2
ETHUSDT,F_213_blind,2023-05-19T00:00:00+00:00,2023-05-19T04:00:00+00:00,1802.900728,1808.659463,1000,3.1941,,stop,1
ETHUSDT,F_213_blind,2023-05-19T12:00:00+00:00,2023-05-19T16:00:00+00:00,1809.84975,1825.699869,1000,8.7577,,stop,1
ETHUSDT,F_213_blind,2023-05-20T00:00:00+00:00,2023-05-20T16:00:00+00:00,1814.666003,1820.462318,1000,3.1942,,stop,4
ETHUSDT,F_213_blind,2023-05-21T20:00:00+00:00,2023-05-22T12:00:00+00:00,1812.423091,1818.212242,1000,3.1942,,stop,4
ETHUSDT,F_213_blind,2023-05-22T12:00:00+00:00,2023-05-22T16:00:00+00:00,1816.678616,1822.48136,1000,3.1941,,stop,1
ETHUSDT,F_213_blind,2023-05-23T00:00:00+00:00,2023-05-23T04:00:00+00:00,1819.722568,1868.569697,1000,26.8432,,stop,1
ETHUSDT,F_213_blind,2023-05-23T08:00:00+00:00,2023-05-24T00:00:00+00:00,1856.470278,1821.850218,1000,-18.6483,,stop,4
ETHUSDT,F_213_blind,2023-05-24T12:00:00+00:00,2023-05-24T12:00:00+00:00,1818.380826,1778.101999,1000,-22.1509,,stop,0
ETHUSDT,F_213_blind,2023-05-25T04:00:00+00:00,2023-05-25T12:00:00+00:00,1783.595664,1789.292736,1000,3.1942,,stop,2
ETHUSDT,F_213_blind,2023-05-26T08:00:00+00:00,2023-05-26T16:00:00+00:00,1819.06171,1834.341692,1000,8.3999,,stop,2
ETHUSDT,F_213_blind,2023-05-26T16:00:00+00:00,2023-05-28T04:00:00+00:00,1833.210079,1855.596984,1000,12.2119,,stop,9
ETHUSDT,F_213_blind,2023-05-28T04:00:00+00:00,2023-05-28T08:00:00+00:00,1853.115923,1859.035053,1000,3.1941,,stop,1
ETHUSDT,F_213_blind,2023-05-29T00:00:00+00:00,2023-05-29T04:00:00+00:00,1911.121232,1921.263866,1000,5.3072,,stop,1
ETHUSDT,F_213_blind,2023-05-29T08:00:00+00:00,2023-05-30T04:00:00+00:00,1902.319805,1908.3961,1000,3.1942,,stop,5
ETHUSDT,F_213_blind,2023-05-31T20:00:00+00:00,2023-06-01T00:00:00+00:00,1866.052719,1872.013171,1000,3.1942,,stop,1
ETHUSDT,F_213_blind,2023-06-01T12:00:00+00:00,2023-06-01T20:00:00+00:00,1863.91995,1878.907952,1000,8.0411,,stop,2
ETHUSDT,F_213_blind,2023-06-02T04:00:00+00:00,2023-06-02T08:00:00+00:00,1881.082232,1891.143513,1000,5.3487,,stop,1
ETHUSDT,F_213_blind,2023-06-02T12:00:00+00:00,2023-06-02T20:00:00+00:00,1897.413435,1903.701966,1000,3.3143,,stop,2
ETHUSDT,F_213_blind,2023-06-03T00:00:00+00:00,2023-06-04T16:00:00+00:00,1909.168697,1915.266868,1000,3.1942,,stop,10
ETHUSDT,F_213_blind,2023-06-04T20:00:00+00:00,2023-06-05T00:00:00+00:00,1907.136058,1913.227737,1000,3.1941,,stop,1
ETHUSDT,F_213_blind,2023-06-05T08:00:00+00:00,2023-06-05T12:00:00+00:00,1875.83542,1845.871235,1000,-15.9738,,stop,1
ETHUSDT,F_213_blind,2023-06-06T00:00:00+00:00,2023-06-06T08:00:00+00:00,1812.843637,1818.634132,1000,3.1941,,stop,2
ETHUSDT,F_213_blind,2023-06-06T16:00:00+00:00,2023-06-06T20:00:00+00:00,1844.614886,1894.305565,1000,26.9382,,stop,1
ETHUSDT,F_213_blind,2023-06-07T00:00:00+00:00,2023-06-07T04:00:00+00:00,1887.100045,1893.127726,1000,3.1942,,stop,1
ETHUSDT,F_213_blind,2023-06-08T00:00:00+00:00,2023-06-08T04:00:00+00:00,1834.501756,1840.36143,1000,3.1941,,stop,1
ETHUSDT,F_213_blind,2023-06-08T16:00:00+00:00,2023-06-10T04:00:00+00:00,1858.082371,1804.770258,1000,-28.692,,stop,9
ETHUSDT,F_213_blind,2023-06-10T00:00:00+00:00,2023-06-10T04:00:00+00:00,1842.762481,1808.82081,1000,-18.4189,,stop,1
ETHUSDT,F_213_blind,2023-06-10T12:00:00+00:00,2023-06-10T20:00:00+00:00,1750.222335,1769.308481,1000,10.905,,stop,2
ETHUSDT,F_213_blind,2023-06-12T08:00:00+00:00,2023-06-12T12:00:00+00:00,1738.95771,1755.637237,1000,9.5917,,stop,1
ETHUSDT,F_213_blind,2023-06-12T16:00:00+00:00,2023-06-12T20:00:00+00:00,1734.111418,1741.398915,1000,4.2024,,stop,1
ETHUSDT,F_213_blind,2023-06-13T20:00:00+00:00,2023-06-14T04:00:00+00:00,1742.572403,1748.138441,1000,3.1941,,stop,2
ETHUSDT,F_213_blind,2023-06-15T04:00:00+00:00,2023-06-15T20:00:00+00:00,1654.1476,1668.859762,1000,8.8941,,stop,4
ETHUSDT,F_213_blind,2023-06-15T20:00:00+00:00,2023-06-16T00:00:00+00:00,1671.139661,1676.477532,1000,3.1941,,stop,1
ETHUSDT,F_213_blind,2023-06-16T04:00:00+00:00,2023-06-16T08:00:00+00:00,1669.26723,1674.59912,1000,3.1941,,stop,1
ETHUSDT,F_213_blind,2023-06-16T12:00:00+00:00,2023-06-16T16:00:00+00:00,1666.593759,1684.456956,1000,10.7184,,stop,1
ETHUSDT,F_213_blind,2023-06-16T20:00:00+00:00,2023-06-17T00:00:00+00:00,1724.418834,1729.926886,1000,3.1941,,stop,1
ETHUSDT,F_213_blind,2023-06-17T08:00:00+00:00,2023-06-19T16:00:00+00:00,1746.888006,1697.52692,1000,-28.2566,,stop,14
ETHUSDT,F_213_blind,2023-06-18T20:00:00+00:00,2023-06-19T16:00:00+00:00,1743.603742,1701.369083,1000,-24.2226,,stop,5
ETHUSDT,F_213_blind,2023-06-19T20:00:00+00:00,2023-06-20T00:00:00+00:00,1726.491525,1732.259152,1000,3.3407,,stop,1
ETHUSDT,F_213_blind,2023-06-20T12:00:00+00:00,2023-06-20T20:00:00+00:00,1736.644707,1788.118916,1000,29.64,,stop,2
ETHUSDT,F_213_blind,2023-06-21T00:00:00+00:00,2023-06-21T04:00:00+00:00,1794.319587,1824.422555,1000,16.7768,,stop,1
ETHUSDT,F_213_blind,2023-06-21T08:00:00+00:00,2023-06-21T12:00:00+00:00,1815.426991,1827.394415,1000,6.5921,,stop,1
ETHUSDT,F_213_blind,2023-06-21T16:00:00+00:00,2023-06-21T20:00:00+00:00,1852.214753,1896.011976,1000,23.6459,,stop,1
ETHUSDT,F_213_blind,2023-06-22T04:00:00+00:00,2023-06-23T20:00:00+00:00,1920.943985,1930.034849,1000,4.7325,,stop,10
ETHUSDT,F_213_blind,2023-06-23T16:00:00+00:00,2023-06-23T20:00:00+00:00,1920.102893,1930.034849,1000,5.1726,,stop,1
ETHUSDT,F_213_blind,2023-06-25T04:00:00+00:00,2023-06-25T08:00:00+00:00,1897.603682,1925.949007,1000,14.9374,,stop,1
ETHUSDT,F_213_blind,2023-06-26T08:00:00+00:00,2023-06-26T16:00:00+00:00,1894.780016,1902.804934,1000,4.2353,,stop,2
ETHUSDT,F_213_blind,2023-06-27T00:00:00+00:00,2023-06-27T04:00:00+00:00,1861.386661,1872.734416,1000,6.0964,,stop,1
ETHUSDT,F_213_blind,2023-06-27T08:00:00+00:00,2023-06-27T12:00:00+00:00,1878.028267,1884.276232,1000,3.3269,,stop,1
ETHUSDT,F_213_blind,2023-06-27T20:00:00+00:00,2023-06-28T16:00:00+00:00,1896.86272,1836.726154,1000,-31.7032,,stop,5
ETHUSDT,F_213_blind,2023-06-29T04:00:00+00:00,2023-06-29T08:00:00+00:00,1840.429452,1846.30806,1000,3.1941,,stop,1
ETHUSDT,F_213_blind,2023-06-29T12:00:00+00:00,2023-06-29T16:00:00+00:00,1872.020467,1877.999981,1000,3.1941,,stop,1
ETHUSDT,F_213_blind,2023-06-29T20:00:00+00:00,2023-06-30T04:00:00+00:00,1859.894724,1875.056054,1000,8.1517,,stop,2
ETHUSDT,F_213_blind,2023-06-30T08:00:00+00:00,2023-06-30T12:00:00+00:00,1890.264153,1837.037182,1000,-28.1585,,stop,1
ETHUSDT,F_213_blind,2023-06-30T20:00:00+00:00,2023-07-01T00:00:00+00:00,1928.824216,1937.27091,1000,4.3792,,stop,1
ETHUSDT,F_213_blind,2023-07-03T00:00:00+00:00,2023-07-03T04:00:00+00:00,1940.008737,1947.058529,1000,3.6339,,stop,1
ETHUSDT,F_213_blind,2023-07-03T12:00:00+00:00,2023-07-03T16:00:00+00:00,1964.5506,1970.825669,1000,3.1941,,stop,1
ETHUSDT,F_213_blind,2023-07-05T20:00:00+00:00,2023-07-06T00:00:00+00:00,1910.190023,1916.291456,1000,3.1941,,stop,1
ETHUSDT,F_213_blind,2023-07-06T04:00:00+00:00,2023-07-06T08:00:00+00:00,1915.98755,1923.636018,1000,3.9919,,stop,1
ETHUSDT,F_213_blind,2023-07-07T04:00:00+00:00,2023-07-07T12:00:00+00:00,1860.445439,1866.387981,1000,3.1941,,stop,2
ETHUSDT,F_213_blind,2023-07-07T12:00:00+00:00,2023-07-07T16:00:00+00:00,1862.578208,1871.807483,1000,4.9551,,stop,1
ETHUSDT,F_213_blind,2023-07-09T04:00:00+00:00,2023-07-09T16:00:00+00:00,1870.278205,1876.252154,1000,3.1941,,stop,3
ETHUSDT,F_213_blind,2023-07-10T12:00:00+00:00,2023-07-10T16:00:00+00:00,1866.413187,1872.374791,1000,3.1942,,stop,1
ETHUSDT,F_213_blind,2023-07-10T20:00:00+00:00,2023-07-10T20:00:00+00:00,1902.449974,1868.817349,1000,-17.6786,,stop,0
ETHUSDT,F_213_blind,2023-07-11T08:00:00+00:00,2023-07-12T08:00:00+00:00,1885.457913,1891.480348,1000,3.1941,,stop,6
ETHUSDT,F_213_blind,2023-07-12T04:00:00+00:00,2023-07-12T08:00:00+00:00,1882.684312,1889.359416,1000,3.5455,,stop,1
ETHUSDT,F_213_blind,2023-07-13T08:00:00+00:00,2023-07-13T12:00:00+00:00,1872.801481,1878.993709,1000,3.3064,,stop,1
ETHUSDT,F_213_blind,2023-07-13T16:00:00+00:00,2023-07-13T20:00:00+00:00,1935.31264,2008.40557,1000,37.768,,stop,1
ETHUSDT,F_213_blind,2023-07-14T04:00:00+00:00,2023-07-14T16:00:00+00:00,2011.862025,1958.810828,1000,-26.3692,,stop,3
ETHUSDT,F_213_blind,2023-07-18T00:00:00+00:00,2023-07-19T16:00:00+00:00,1913.694573,1919.807201,1000,3.1941,,stop,10
ETHUSDT,F_213_blind,2023-07-18T16:00:00+00:00,2023-07-19T04:00:00+00:00,1899.676373,1909.124028,1000,4.9733,,stop,3
ETHUSDT,F_213_blind,2023-07-19T04:00:00+00:00,2023-07-19T16:00:00+00:00,1914.966224,1921.082913,1000,3.1941,,stop,3
ETHUSDT,F_213_blind,2023-07-19T16:00:00+00:00,2023-07-19T20:00:00+00:00,1908.688073,1914.784709,1000,3.1941,,stop,1
ETHUSDT,F_213_blind,2023-07-20T04:00:00+00:00,2023-07-20T12:00:00+00:00,1896.782616,1925.001001,1000,14.877,,stop,2
ETHUSDT,F_213_blind,2023-07-20T12:00:00+00:00,2023-07-20T12:00:00+00:00,1923.967911,1883.52614,1000,-21.02,,stop,0
ETHUSDT,F_213_blind,2023-07-21T00:00:00+00:00,2023-07-21T04:00:00+00:00,1894.049067,1900.098944,1000,3.1941,,stop,1
ETHUSDT,F_213_blind,2023-07-21T16:00:00+00:00,2023-07-21T20:00:00+00:00,1893.538404,1899.58665,1000,3.1941,,stop,1
ETHUSDT,F_213_blind,2023-07-22T04:00:00+00:00,2023-07-22T20:00:00+00:00,1895.300692,1859.755577,1000,-18.7543,,stop,4
ETHUSDT,F_213_blind,2023-07-23T00:00:00+00:00,2023-07-23T08:00:00+00:00,1868.946476,1874.916171,1000,3.1941,,stop,2
ETHUSDT,F_213_blind,2023-07-23T08:00:00+00:00,2023-07-23T20:00:00+00:00,1877.477552,1901.250956,1000,12.6624,,stop,3
ETHUSDT,F_213_blind,2023-07-23T20:00:00+00:00,2023-07-24T00:00:00+00:00,1891.585869,1864.090825,1000,-14.5354,,stop,1
ETHUSDT,F_213_blind,2023-07-24T08:00:00+00:00,2023-07-24T08:00:00+00:00,1877.4375,1846.863452,1000,-16.285,,stop,0
ETHUSDT,F_213_blind,2023-07-24T20:00:00+00:00,2023-07-25T04:00:00+00:00,1851.794207,1857.709115,1000,3.1941,,stop,2
ETHUSDT,F_213_blind,2023-07-25T04:00:00+00:00,2023-07-25T12:00:00+00:00,1853.226066,1859.145548,1000,3.1941,,stop,2
ETHUSDT,F_213_blind,2023-07-25T16:00:00+00:00,2023-07-25T20:00:00+00:00,1860.455452,1866.398026,1000,3.1941,,stop,1
ETHUSDT,F_213_blind,2023-07-26T00:00:00+00:00,2023-07-26T04:00:00+00:00,1860.074958,1866.016316,1000,3.1942,,stop,1
ETHUSDT,F_213_blind,2023-07-26T16:00:00+00:00,2023-07-26T20:00:00+00:00,1863.128923,1879.047658,1000,8.5441,,stop,1
ETHUSDT,F_213_blind,2023-07-27T00:00:00+00:00,2023-07-27T08:00:00+00:00,1874.423587,1880.410777,1000,3.1941,,stop,2
ETHUSDT,F_213_blind,2023-07-28T16:00:00+00:00,2023-07-30T00:00:00+00:00,1877.647773,1883.645262,1000,3.1941,,stop,8
ETHUSDT,F_213_blind,2023-07-30T04:00:00+00:00,2023-07-30T16:00:00+00:00,1880.94205,1863.352253,1000,-9.3516,,stop,3
ETHUSDT,F_213_blind,2023-07-31T04:00:00+00:00,2023-07-31T20:00:00+00:00,1871.579895,1851.351434,1000,-10.8082,,stop,4
ETHUSDT,F_213_blind,2023-08-01T08:00:00+00:00,2023-08-01T20:00:00+00:00,1836.564434,1853.561266,1000,9.2547,,stop,3
ETHUSDT,F_213_blind,2023-08-02T00:00:00+00:00,2023-08-02T12:00:00+00:00,1875.915524,1837.345295,1000,-20.5607,,stop,3
ETHUSDT,F_213_blind,2023-08-02T12:00:00+00:00,2023-08-02T16:00:00+00:00,1862.307857,1826.925477,1000,-18.9992,,stop,1
ETHUSDT,F_213_blind,2023-08-03T08:00:00+00:00,2023-08-03T16:00:00+00:00,1834.541808,1843.89981,1000,5.101,,stop,2
ETHUSDT,F_213_blind,2023-08-03T20:00:00+00:00,2023-08-04T00:00:00+00:00,1847.869111,1853.771482,1000,3.1941,,stop,1
ETHUSDT,F_213_blind,2023-08-04T16:00:00+00:00,2023-08-04T20:00:00+00:00,1849.661438,1818.390168,1000,-16.9065,,stop,1
ETHUSDT,F_213_blind,2023-08-05T04:00:00+00:00,2023-08-07T04:00:00+00:00,1834.862224,1840.909702,1000,3.2959,,stop,12
ETHUSDT,F_213_blind,2023-08-05T16:00:00+00:00,2023-08-07T04:00:00+00:00,1836.163914,1842.028897,1000,3.1941,,stop,9
ETHUSDT,F_213_blind,2023-08-06T20:00:00+00:00,2023-08-07T04:00:00+00:00,1834.391613,1840.909702,1000,3.5533,,stop,2
ETHUSDT,F_213_blind,2023-08-07T20:00:00+00:00,2023-08-08T04:00:00+00:00,1827.642851,1833.480616,1000,3.1941,,stop,2
ETHUSDT,F_213_blind,2023-08-08T16:00:00+00:00,2023-08-08T20:00:00+00:00,1845.976654,1867.501943,1000,11.6607,,stop,1
ETHUSDT,F_213_blind,2023-08-10T00:00:00+00:00,2023-08-10T16:00:00+00:00,1857.771968,1863.70597,1000,3.1941,,stop,4
ETHUSDT,F_213_blind,2023-08-11T08:00:00+00:00,2023-08-11T16:00:00+00:00,1851.784194,1857.69907,1000,3.1941,,stop,2
ETHUSDT,F_213_blind,2023-08-12T00:00:00+00:00,2023-08-13T20:00:00+00:00,1851.243492,1857.156641,1000,3.1941,,stop,11
ETHUSDT,F_213_blind,2023-08-13T00:00:00+00:00,2023-08-13T20:00:00+00:00,1852.344922,1858.26159,1000,3.1941,,stop,5
ETHUSDT,F_213_blind,2023-08-13T20:00:00+00:00,2023-08-13T20:00:00+00:00,1861.01618,1846.304289,1000,-7.9053,,stop,0
ETHUSDT,F_213_blind,2023-08-14T04:00:00+00:00,2023-08-14T16:00:00+00:00,1849.180814,1855.087375,1000,3.1942,,stop,3
ETHUSDT,F_213_blind,2023-08-14T16:00:00+00:00,2023-08-14T16:00:00+00:00,1855.80942,1838.101064,1000,-9.5421,,stop,0
ETHUSDT,F_213_blind,2023-08-15T00:00:00+00:00,2023-08-15T16:00:00+00:00,1847.89915,1828.088113,1000,-10.7208,,stop,4
ETHUSDT,F_213_blind,2023-08-16T00:00:00+00:00,2023-08-16T20:00:00+00:00,1831.357674,1806.43625,1000,-13.6082,,stop,5
ETHUSDT,F_213_blind,2023-08-16T20:00:00+00:00,2023-08-16T20:00:00+00:00,1823.317235,1801.687706,1000,-11.8627,,stop,0
ETHUSDT,F_213_blind,2023-08-17T04:00:00+00:00,2023-08-17T12:00:00+00:00,1800.868089,1775.438443,1000,-14.1208,,stop,2
ETHUSDT,F_213_blind,2023-08-18T00:00:00+00:00,2023-08-18T04:00:00+00:00,1683.675937,1693.796398,1000,6.0109,,stop,1
ETHUSDT,F_213_blind,2023-08-18T08:00:00+00:00,2023-08-22T16:00:00+00:00,1692.79778,1624.714331,1000,-40.2195,,stop,26
ETHUSDT,F_213_blind,2023-08-19T08:00:00+00:00,2023-08-19T16:00:00+00:00,1663.449677,1680.385519,1000,10.1812,,stop,2
ETHUSDT,F_213_blind,2023-08-19T20:00:00+00:00,2023-08-21T00:00:00+00:00,1679.560594,1689.161731,1000,5.7165,,stop,7
ETHUSDT,F_213_blind,2023-08-20T20:00:00+00:00,2023-08-21T00:00:00+00:00,1680.431725,1689.161731,1000,5.1951,,stop,1
ETHUSDT,F_213_blind,2023-08-21T12:00:00+00:00,2023-08-21T16:00:00+00:00,1674.954614,1680.30467,1000,3.1941,,stop,1
ETHUSDT,F_213_blind,2023-08-21T20:00:00+00:00,2023-08-22T16:00:00+00:00,1674.534068,1638.673876,1000,-21.415,,stop,5
ETHUSDT,F_213_blind,2023-08-23T00:00:00+00:00,2023-08-23T04:00:00+00:00,1637.1255,1642.354724,1000,3.1941,,stop,1
ETHUSDT,F_213_blind,2023-08-23T08:00:00+00:00,2023-08-23T16:00:00+00:00,1647.43889,1654.526316,1000,4.3021,,stop,2
ETHUSDT,F_213_blind,2023-08-23T20:00:00+00:00,2023-08-24T12:00:00+00:00,1689.39336,1641.525171,1000,-28.3345,,stop,4
ETHUSDT,F_213_blind,2023-08-24T20:00:00+00:00,2023-08-25T00:00:00+00:00,1652.134987,1659.788906,1000,4.6327,,stop,1
ETHUSDT,F_213_blind,2023-08-27T08:00:00+00:00,2023-08-27T16:00:00+00:00,1650.592985,1655.865227,1000,3.1942,,stop,2
ETHUSDT,F_213_blind,2023-08-28T16:00:00+00:00,2023-08-29T00:00:00+00:00,1651.063596,1656.337341,1000,3.1941,,stop,2
ETHUSDT,F_213_blind,2023-08-29T16:00:00+00:00,2023-08-29T20:00:00+00:00,1717.2295,1742.175552,1000,14.5269,,stop,1
ETHUSDT,F_213_blind,2023-08-30T08:00:00+00:00,2023-08-30T20:00:00+00:00,1719.83288,1700.799284,1000,-11.0671,,eod,3
